     0.333 4.9493e+06    682.614     550019 
   1.11208 4.9492e+06    735.943     550065 
   2.42671 4.94901e+06    835.375     550150 
   4.21589 4.94872e+06     992.28     550286 
   6.31755 4.94831e+06    1214.22     550477 
   8.54386 4.94777e+06    1503.42     550727 
   9.21604 4.93356e+06    9121.11     557317 
   9.85465 4.93249e+06    9697.74     557817 
   10.4633 4.9314e+06      10281     558323 
   11.0451 4.93029e+06    10871.1     558836 
   11.6026 4.92918e+06    11468.1     559354 
    12.138 4.92805e+06    12071.9     559879 
   12.6532 4.92691e+06    12682.8     560410 
   13.1498 4.92575e+06    13300.6     560947 
   13.6293 4.92458e+06    13925.3     561491 
   14.0929 4.9234e+06      14557     562041 
   14.5418 4.92221e+06    15195.6     562597 
   14.9769  4.921e+06    15841.1     563160 
   15.3992 4.91978e+06    16493.4     563728 
   15.8094 4.91854e+06    17152.5     564303 
   16.2082 4.9173e+06    17818.3     564884 
   16.5964 4.91604e+06    18490.8     565471 
   16.9745 4.91477e+06    19169.9     566064 
   17.3432 4.91348e+06    19855.6     566664 
   17.7028 4.91218e+06    20547.8     567269 
   18.0538 4.91087e+06    21246.5     567880 
   18.3967 4.90955e+06    21951.6     568497 
   18.7319 4.90822e+06    22663.1     569120 
   19.0598 4.90687e+06    23380.9     569749 
   19.3806 4.90551e+06    24104.9     570383 
   19.6947 4.90414e+06    24835.1     571024 
   20.0024 4.90276e+06    25571.5     571670 
    20.304 4.90136e+06      26314     572322 
   20.5997 4.89996e+06    27062.6     572979 
   20.8897 4.89854e+06    27817.2     573642 
   21.1744 4.89711e+06    28577.7     574311 
   21.4538 4.89567e+06    29344.1     574986 
   21.7283 4.89422e+06    30116.4     575665 
    21.998 4.89275e+06    30894.6     576351 
    22.263 4.89128e+06    31678.5     577042 
   22.5235 4.88979e+06    32468.2     577738 
   22.7798 4.8883e+06    33263.6     578440 
   23.0319 4.88679e+06    34064.6     579147 
     23.28 4.88527e+06    34871.3     579860 
   23.5243 4.88374e+06    35683.6     580577 
   23.7647 4.8822e+06    36501.4     581301 
   24.0016 4.88065e+06    37324.7     582029 
    24.235 4.87908e+06    38153.4     582763 
   24.4649 4.87751e+06    38987.6     583502 
   24.6916 4.87593e+06    39827.3     584246 
   24.9151 4.87433e+06    40672.2     584996 
   25.1355 4.87273e+06    41522.5     585751 
   25.3529 4.87111e+06    42378.1     586511 
   25.5674 4.86949e+06      43239     587276 
    25.779 4.86785e+06    44105.1     588046 
   25.9879 4.8662e+06    44976.4     588821 
   26.1942 4.86455e+06    45852.9     589602 
   26.3978 4.86288e+06    46734.5     590387 
   26.5989 4.8612e+06    47621.2     591178 
   26.7976 4.85951e+06      48513     591973 
   26.9938 4.85782e+06    49409.9     592774 
   27.1877 4.85611e+06    50311.8     593580 
   27.3794 4.85439e+06    51218.7     594390 
   27.5688 4.85266e+06    52130.5     595206 
   27.7561 4.85093e+06    53047.3     596027 
   27.9412 4.84918e+06      53969     596852 
   28.1244 4.84742e+06    54895.6     597683 
   28.3055 4.84565e+06    55827.1     598518 
   28.4846 4.84388e+06    56763.4     599359 
   28.6619 4.84209e+06    57704.5     600204 
   28.8373 4.8403e+06    58650.4     601054 
   29.0108 4.83849e+06    59601.1     601909 
   29.1826 4.83667e+06    60556.5     602770 
   29.3527 4.83485e+06    61516.7     603634 
    29.521 4.83301e+06    62481.5     604504 
   29.6877 4.83117e+06    63451.1     605379 
   29.8528 4.82932e+06    64425.2     606258 
   30.0162 4.82745e+06      65404     607142 
   30.1782 4.82558e+06    66387.5     608031 
   30.3385 4.8237e+06    67375.5     608925 
   30.4974 4.82181e+06    68368.1     609824 
   30.6549 4.81991e+06    69365.2     610728 
   30.8109  4.818e+06    70366.9     611636 
   30.9655 4.81608e+06      71373     612549 
   31.1187 4.81415e+06    72383.7     613467 
   31.2706 4.81221e+06    73398.8     614389 
   31.4212 4.81026e+06    74418.4     615317 
   31.5705 4.80831e+06    75442.4     616249 
   31.7185 4.80634e+06    76470.9     617186 
   31.8653 4.80437e+06    77503.7     618127 
   32.0108 4.80239e+06    78540.9     619074 
   32.1552 4.80039e+06    79582.5     620025 
   32.2984 4.79839e+06    80628.4     620980 
   32.4404 4.79638e+06    81678.7     621941 
   32.5813 4.79436e+06    82733.2     622906 
   32.7211 4.79233e+06    83792.1     623876 
   32.8598 4.79029e+06    84855.2     624851 
   32.9975 4.78825e+06    85922.6     625830 
   33.1341 4.78619e+06    86994.2     626814 
   33.2696 4.78413e+06    88070.1     627803 
   33.4042 4.78205e+06    89150.2     628797 
   33.5377 4.77997e+06    90234.5     629795 
   33.6703 4.77788e+06    91322.9     630798 
   33.8019 4.77578e+06    92415.6     631805 
   33.9326 4.77367e+06    93512.4     632817 
   34.0623 4.77155e+06    94613.3     633834 
   34.1912 4.76943e+06    95718.4     634856 
   34.3191 4.76729e+06    96827.6     635882 
   34.4461 4.76515e+06    97940.8     636913 
   34.5723 4.76299e+06    99058.2     637949 
   34.6976 4.76083e+06     100180     638989 
   34.8221 4.75866e+06     101305     640034 
   34.9458 4.75648e+06     102435     641084 
   35.0686 4.75429e+06     103568     642139 
   35.1907 4.7521e+06     104706     643198 
   35.3119 4.74989e+06     105847     644261 
   35.4324 4.74768e+06     106993     645330 
   35.5521 4.74545e+06     108142     646403 
   35.6711 4.74322e+06     109296     647481 
   35.7893 4.74098e+06     110454     648563 
   35.9068 4.73873e+06     111615     649650 
   36.0236 4.73648e+06     112780     650742 
   36.1397 4.73421e+06     113950     651839 
    36.255 4.73194e+06     115123     652940 
   36.3697 4.72965e+06     116300     654046 
   36.4838 4.72736e+06     117481     655157 
   36.5971 4.72506e+06     118666     656272 
   36.7098 4.72275e+06     119854     657392 
   36.8219 4.72044e+06     121047     658517 
   36.9333 4.71811e+06     122243     659646 
   37.0441 4.71578e+06     123444     660780 
   37.1542 4.71343e+06     124648     661919 
   37.2638 4.71108e+06     125856     663062 
   37.3728 4.70872e+06     127067     664211 
   37.4811 4.70635e+06     128283     665364 
   37.5889 4.70398e+06     129502     666521 
   37.6961 4.70159e+06     130725     667684 
   37.8028 4.6992e+06     131952     668851 
   37.9088 4.69679e+06     133182     670023 
   38.0144 4.69438e+06     134417     671200 
   38.1194 4.69196e+06     135655     672381 
   38.2238 4.68954e+06     136896     673567 
   38.3277 4.6871e+06     138142     674758 
   38.4311 4.68466e+06     139391     675954 
    38.534 4.6822e+06     140644     677154 
   38.6364 4.67974e+06     141900     678359 
   38.7383 4.67727e+06     143161     679569 
   38.8396 4.67479e+06     144424     680784 
   38.9405 4.6723e+06     145692     682003 
   39.0409 4.66981e+06     146963     683228 
   39.1409 4.66731e+06     148238     684457 
   39.2403 4.66479e+06     149517     685691 
   39.3393 4.66227e+06     150799     686930 
   39.4379 4.65974e+06     152084     688173 
   39.5359 4.6572e+06     153374     689422 
   39.6336 4.65466e+06     154667     690675 
   39.7308 4.6521e+06     155963     691933 
   39.8276 4.64954e+06     157263     693196 
   39.9239 4.64697e+06     158567     694464 
   40.0198 4.64439e+06     159874     695736 
   40.1153 4.6418e+06     161185     697014 
   40.2104 4.6392e+06     162500     698296 
   40.3051 4.6366e+06     163818     699584 
   40.3994 4.63399e+06     165139     700876 
   40.4933 4.63136e+06     166464     702173 
   40.5867 4.62873e+06     167793     703475 
   40.6798 4.62609e+06     169125     704782 
   40.7726 4.62345e+06     170461     706094 
   40.8649 4.62079e+06     171800     707411 
   40.9569 4.61813e+06     173142     708733 
   41.0485 4.61545e+06     174488     710059 
   41.1397 4.61277e+06     175838     711391 
   41.2306 4.61008e+06     177191     712728 
   41.3211 4.60738e+06     178548     714069 
   41.4113 4.60468e+06     179908     715416 
   41.5011 4.60196e+06     181271     716768 
   41.5906 4.59924e+06     182638     718125 
   41.6797 4.5965e+06     184009     719486 
   41.7685 4.59376e+06     185383     720853 
    41.857 4.59101e+06     186760     722225 
   41.9452 4.58826e+06     188141     723602 
    42.033 4.58549e+06     189525     724984 
   42.1205 4.58272e+06     190913     726371 
   42.2077 4.57993e+06     192304     727764 
   42.2946 4.57714e+06     193698     729161 
   42.3811 4.57434e+06     195096     730564 
   42.4674 4.57153e+06     196497     731971 
   42.5534 4.56871e+06     197902     733384 
   42.6391 4.56589e+06     199310     734802 
   42.7245 4.56305e+06     200721     736225 
   42.8095 4.56021e+06     202136     737653 
   42.8944 4.55736e+06     203554     739087 
   42.9789 4.5545e+06     204976     740526 
   43.0631 4.55163e+06     206401     741970 
   43.1471 4.54875e+06     207829     743419 
   43.2308 4.54587e+06     209261     744873 
   43.3142 4.54297e+06     210696     746333 
   43.3974 4.54007e+06     212134     747798 
   43.4803 4.53716e+06     213576     749269 
   43.5629 4.53423e+06     215021     750744 
   43.6453 4.53131e+06     216469     752225 
   43.7274 4.52837e+06     217921     753712 
   43.8093 4.52542e+06     219376     755204 
   43.8909 4.52247e+06     220834     756701 
   43.9723 4.5195e+06     222296     758203 
   44.0534 4.51653e+06     223761     759711 
   44.1343 4.51355e+06     225229     761224 
    44.215 4.51056e+06     226701     762743 
   44.2954 4.50756e+06     228175     764268 
   44.3756 4.50455e+06     229654     765797 
   44.4555 4.50153e+06     231135     767333 
   44.5353 4.49851e+06     232620     768873 
   44.6148 4.49547e+06     234108     770420 
   44.6941 4.49243e+06     235599     771971 
   44.7732 4.48938e+06     237094     773529 
    44.852 4.48632e+06     238592     775092 
   44.9307 4.48325e+06     240093     776660 
   45.0091 4.48017e+06     241597     778235 
   45.0873 4.47708e+06     243105     779814 
   45.1653 4.47398e+06     244616     781400 
   45.2432 4.47088e+06     246130     782991 
   45.3208 4.46776e+06     247647     784588 
   45.3982 4.46464e+06     249168     786191 
   45.4754 4.46151e+06     250692     787799 
   45.5524 4.45837e+06     252219     789413 
   45.6293 4.45522e+06     253749     791033 
   45.7059 4.45206e+06     255283     792658 
   45.7824 4.44889e+06     256820     794290 
   45.8587 4.44571e+06     258360     795927 
   45.9348 4.44253e+06     259904     797570 
   46.0107 4.43933e+06     261450     799219 
   46.0864 4.43613e+06     263000     800874 
    46.162 4.43291e+06     264553     802535 
   46.2373 4.42969e+06     266109     804202 
   46.3126 4.42646e+06     267669     805875 
   46.3876 4.42322e+06     269231     807554 
   46.4625 4.41996e+06     270797     809238 
   46.5372 4.4167e+06     272366     810929 
   46.6117 4.41344e+06     273939     812626 
   46.6861 4.41016e+06     275514     814329 
   46.7604 4.40687e+06     277093     816038 
   46.8344 4.40357e+06     278675     817753 
   46.9083 4.40027e+06     280260     819475 
   46.9821 4.39695e+06     281848     821202 
   47.0557 4.39362e+06     283440     822936 
   47.1292 4.39029e+06     285034     824676 
   47.2025 4.38695e+06     286632     826422 
   47.2756 4.38359e+06     288233     828175 
   47.3487 4.38023e+06     289837     829934 
   47.4215 4.37686e+06     291445     831699 
   47.4943 4.37347e+06     293055     833470 
   47.5669 4.37008e+06     294669     835248 
   47.6394 4.36668e+06     296286     837033 
   47.7117 4.36327e+06     297906     838823 
   47.7839 4.35985e+06     299530     840621 
    47.856 4.35642e+06     301156     842424 
   47.9279 4.35298e+06     302786     844235 
   47.9997 4.34953e+06     304419     846052 
   48.0714 4.34607e+06     306055     847875 
    48.143 4.3426e+06     307694     849705 
   48.2144 4.33912e+06     309336     851542 
   48.2857 4.33563e+06     310982     853385 
   48.3569 4.33213e+06     312631     855235 
    48.428 4.32863e+06     314282     857092 
    48.499 4.32511e+06     315937     858956 
   48.5698 4.32158e+06     317596     860826 
   48.6406 4.31804e+06     319257     862703 
   48.7112 4.31449e+06     320921     864587 
   48.7817 4.31093e+06     322589     866478 
   48.8521 4.30736e+06     324260     868376 
   48.9225 4.30379e+06     325934     870281 
   48.9927 4.3002e+06     327611     872193 
   49.0628 4.2966e+06     329291     874112 
   49.1328 4.29299e+06     330975     876037 
   49.2027 4.28937e+06     332661     877971 
   49.2725 4.28574e+06     334351     879911 
   49.3422 4.2821e+06     336044     881858 
   49.4118 4.27845e+06     337740     883813 
   49.4814 4.27479e+06     339439     885774 
   49.5508 4.27112e+06     341142     887743 
   49.6201 4.26743e+06     342847     889720 
   49.6894 4.26374e+06     344556     891703 
   49.7586 4.26004e+06     346268     893695 
   49.8277 4.25632e+06     347983     895693 
   49.8967 4.2526e+06     349701     897699 
   49.9656 4.24887e+06     351422     899713 
   50.0344 4.24512e+06     353146     901734 
   50.1032 4.24136e+06     354874     903762 
   50.1719 4.2376e+06     356605     905798 
   50.2405 4.23382e+06     358338     907842 
    50.309 4.23003e+06     360076     909894 
   50.3775 4.22623e+06     361816     911953 
   50.4459 4.22242e+06     363559     914020 
   50.5142 4.2186e+06     365305     916095 
   50.5825 4.21477e+06     367055     918178 
   50.6507 4.21092e+06     368808     920269 
   50.7188 4.20707e+06     370564     922368 
   50.7868 4.2032e+06     372323     924474 
   50.8548 4.19933e+06     374085     926589 
   50.9228 4.19544e+06     375850     928712 
   50.9907 4.19154e+06     377619     930843 
   51.0585 4.18763e+06     379390     932982 
   51.1263 4.1837e+06     381165     935130 
    51.194 4.17977e+06     382943     937285 
   51.2616 4.17583e+06     384724     939450 
   51.3292 4.17187e+06     386509     941622 
   51.3968 4.1679e+06     388296     943803 
   51.4643 4.16392e+06     390087     945992 
   51.5317 4.15993e+06     391880     948190 
   51.5991 4.15593e+06     393677     950396 
   51.6665 4.15191e+06     395477     952612 
   51.7338 4.14788e+06     397280     954835 
   51.8011 4.14385e+06     399087     957068 
   51.8684 4.13979e+06     400896     959309 
   51.9356 4.13573e+06     402709     961559 
   52.0027 4.13166e+06     404525     963818 
   52.0698 4.12757e+06     406344     966086 
   52.1369 4.12347e+06     408166     968363 
    52.204 4.11936e+06     409991     970649 
    52.271 4.11524e+06     411819     972944 
    52.338 4.1111e+06     413651     975249 
    52.405 4.10695e+06     415486     977562 
   52.4719 4.10279e+06     417323     979885 
   52.5388 4.09862e+06     419165     982217 
   52.6057 4.09443e+06     421009     984559 
   52.6726 4.09023e+06     422856     986910 
   52.7394 4.08602e+06     424707     989271 
   52.8063 4.0818e+06     426560     991641 
   52.8731 4.07756e+06     428417     994021 
   52.9399 4.07331e+06     430277     996410 
   53.0066 4.06905e+06     432140     998810 
   53.0734 4.06477e+06     434007 1.00122e+06 
   53.1401 4.06049e+06     435876 1.00364e+06 
   53.2069 4.05618e+06     437749 1.00607e+06 
   53.2736 4.05187e+06     439625 1.00851e+06 
   53.3403 4.04754e+06     441503 1.01096e+06 
    53.407 4.0432e+06     443386 1.01342e+06 
   53.4737 4.03884e+06     445271 1.01588e+06 
   53.5404 4.03448e+06     447159 1.01836e+06 
   53.6071 4.03009e+06     449051 1.02086e+06 
   53.6738 4.0257e+06     450946 1.02336e+06 
   53.7405 4.02129e+06     452844 1.02587e+06 
   53.8072 4.01687e+06     454745 1.02839e+06 
   53.8739 4.01243e+06     456649 1.03092e+06 
   53.9406 4.00798e+06     458556 1.03347e+06 
   54.0073 4.00351e+06     460467 1.03602e+06 
    54.074 3.99903e+06     462381 1.03859e+06 
   54.1407 3.99454e+06     464298 1.04116e+06 
   54.2074 3.99003e+06     466218 1.04375e+06 
   54.2742 3.98551e+06     468141 1.04635e+06 
    54.341 3.98098e+06     470067 1.04896e+06 
   54.4077 3.97642e+06     471997 1.05158e+06 
   54.4745 3.97186e+06     473929 1.05421e+06 
   54.5413 3.96728e+06     475865 1.05685e+06 
   54.6081 3.96269e+06     477804 1.05951e+06 
    54.675 3.95808e+06     479746 1.06218e+06 
   54.7419 3.95345e+06     481691 1.06486e+06 
   54.8088 3.94881e+06     483640 1.06755e+06 
   54.8757 3.94416e+06     485591 1.07025e+06 
   54.9426 3.93949e+06     487546 1.07296e+06 
   55.0096 3.93481e+06     489504 1.07569e+06 
   55.0766 3.93011e+06     491464 1.07843e+06 
   55.1436 3.92539e+06     493428 1.08118e+06 
   55.2107 3.92066e+06     495396 1.08394e+06 
   55.2778 3.91591e+06     497366 1.08672e+06 
    55.345 3.91115e+06     499339 1.08951e+06 
   55.4121 3.90638e+06     501316 1.09231e+06 
   55.4794 3.90158e+06     503295 1.09512e+06 
   55.5466 3.89677e+06     505278 1.09795e+06 
   55.6139 3.89195e+06     507264 1.10079e+06 
   55.6813 3.88711e+06     509253 1.10364e+06 
   55.7487 3.88225e+06     511245 1.10651e+06 
   55.8161 3.87737e+06     513240 1.10939e+06 
   55.8836 3.87248e+06     515238 1.11228e+06 
   55.9511 3.86758e+06     517239 1.11518e+06 
   56.0187 3.86265e+06     519244 1.1181e+06 
   56.0864 3.85771e+06     521251 1.12104e+06 
   56.1541 3.85276e+06     523261 1.12398e+06 
   56.2218 3.84778e+06     525275 1.12694e+06 
   56.2897 3.84279e+06     527291 1.12992e+06 
   56.3575 3.83778e+06     529311 1.1329e+06 
   56.4255 3.83276e+06     531333 1.13591e+06 
   56.4935 3.82772e+06     533359 1.13892e+06 
   56.5616 3.82266e+06     535387 1.14196e+06 
   56.6297 3.81758e+06     537419  1.145e+06 
   56.6979 3.81248e+06     539453 1.14806e+06 
   56.7662 3.80737e+06     541490 1.15114e+06 
   56.8345 3.80224e+06     543531 1.15423e+06 
    56.903 3.79709e+06     545574 1.15733e+06 
   56.9715 3.79193e+06     547620 1.16045e+06 
     57.04 3.78674e+06     549669 1.16359e+06 
   57.1087 3.78154e+06     551721 1.16674e+06 
   57.1774 3.77632e+06     553776 1.1699e+06 
   57.2463 3.77108e+06     555834 1.17309e+06 
   57.3152 3.76582e+06     557894 1.17628e+06 
   57.3842 3.76055e+06     559957 1.1795e+06 
   57.4532 3.75525e+06     562024 1.18273e+06 
   57.5224 3.74994e+06     564092 1.18597e+06 
   57.5916 3.7446e+06     566164 1.18923e+06 
    57.661 3.73925e+06     568238 1.19251e+06 
   57.7304 3.73388e+06     570315 1.19581e+06 
      57.8 3.72849e+06     572395 1.19912e+06 
   57.8696 3.72308e+06     574478 1.20244e+06 
   57.9393 3.71765e+06     576563 1.20579e+06 
   58.0092 3.7122e+06     578650 1.20915e+06 
   58.0791 3.70673e+06     580740 1.21253e+06 
   58.1492 3.70124e+06     582833 1.21592e+06 
   58.2193 3.69573e+06     584928 1.21934e+06 
   58.2895 3.69021e+06     587026 1.22277e+06 
   58.3599 3.68466e+06     589126 1.22622e+06 
   58.4304 3.67909e+06     591229 1.22968e+06 
    58.501 3.6735e+06     593334 1.23317e+06 
   58.5717 3.66789e+06     595441 1.23667e+06 
   58.6425 3.66226e+06     597550 1.24019e+06 
   58.7134 3.65661e+06     599662 1.24373e+06 
   58.7845 3.65094e+06     601776 1.24728e+06 
   58.8556 3.64525e+06     603892 1.25086e+06 
   58.9269 3.63954e+06     606010 1.25445e+06 
   58.9983 3.63381e+06     608131 1.25806e+06 
   59.0698 3.62805e+06     610253 1.26169e+06 
   59.1415 3.62228e+06     612377 1.26535e+06 
   59.2133 3.61648e+06     614503 1.26902e+06 
   59.2852 3.61066e+06     616631 1.2727e+06 
   59.3572 3.60483e+06     618761 1.27641e+06 
   59.4294 3.59897e+06     620892 1.28014e+06 
   59.5017 3.59309e+06     623025 1.28389e+06 
   59.5742 3.58719e+06     625160 1.28766e+06 
   59.6467 3.58126e+06     627296 1.29144e+06 
   59.7194 3.57532e+06     629433 1.29525e+06 
   59.7923 3.56935e+06     631572 1.29908e+06 
   59.8653 3.56336e+06     633712 1.30292e+06 
   59.9384 3.55735e+06     635854 1.30679e+06 
   60.0116 3.55132e+06     637996 1.31068e+06 
    60.085 3.54527e+06     640140 1.31459e+06 
   60.1586 3.5392e+06     642284 1.31852e+06 
   60.2323 3.5331e+06     644429 1.32247e+06 
   60.3061 3.52698e+06     646575 1.32644e+06 
   60.3801 3.52085e+06     648722 1.33043e+06 
   60.4542 3.51469e+06     650869 1.33445e+06 
   60.5284 3.5085e+06     653016 1.33848e+06 
   60.6028 3.5023e+06     655164 1.34254e+06 
   60.6774 3.49608e+06     657312 1.34661e+06 
    60.752 3.48983e+06     659460 1.35071e+06 
   60.8269 3.48356e+06     661608 1.35483e+06 
   60.9018 3.47728e+06     663756 1.35897e+06 
    60.977 3.47097e+06     665903 1.36313e+06 
   61.0522 3.46464e+06     668050 1.36731e+06 
   61.1276 3.45828e+06     670196 1.37152e+06 
   61.2032 3.45191e+06     672342 1.37575e+06 
   61.2789 3.44552e+06     674487 1.37999e+06 
   61.3547 3.43911e+06     676631 1.38426e+06 
   61.4307 3.43267e+06     678773 1.38855e+06 
   61.5068 3.42622e+06     680914 1.39287e+06 
   61.5831 3.41975e+06     683054 1.3972e+06 
   61.6595 3.41325e+06     685192 1.40156e+06 
    61.736 3.40674e+06     687328 1.40593e+06 
   61.8127 3.40021e+06     689462 1.41033e+06 
   61.8895 3.39366e+06     691593 1.41475e+06 
   61.9665 3.38708e+06     693723 1.41919e+06 
   62.0435 3.3805e+06     695849 1.42366e+06 
   62.1207 3.37389e+06     697973 1.42814e+06 
   62.1981 3.36726e+06     700094 1.43264e+06 
   62.2755 3.36062e+06     702211 1.43717e+06 
   62.3531 3.35396e+06     704326 1.44172e+06 
   62.4308 3.34728e+06     706436 1.44628e+06 
   62.5086 3.34059e+06     708543 1.45087e+06 
   62.5865 3.33388e+06     710645 1.45548e+06 
   62.6646 3.32715e+06     712743 1.46011e+06 
   62.7427 3.32041e+06     714837 1.46476e+06 
    62.821 3.31365e+06     716925 1.46942e+06 
   62.8993 3.30688e+06     719009 1.47411e+06 
   62.9778 3.30009e+06     721087 1.47882e+06 
   63.0563 3.29329e+06     723160 1.48355e+06 
    63.135 3.28648e+06     725227 1.48829e+06 
   63.2137 3.27966e+06     727288 1.49305e+06 
   63.2925 3.27282e+06     729343 1.49784e+06 
   63.3714 3.26597e+06     731391 1.50264e+06 
   63.4503 3.25911e+06     733433 1.50746e+06 
   63.5293 3.25224e+06     735467 1.51229e+06 
   63.6084 3.24536e+06     737494 1.51715e+06 
   63.6875 3.23847e+06     739514 1.52202e+06 
   63.7667 3.23157e+06     741526 1.5269e+06 
    63.846 3.22466e+06     743529 1.53181e+06 
   63.9253 3.21775e+06     745525 1.53673e+06 
   64.0046 3.21083e+06     747511 1.54166e+06 
   64.0839 3.2039e+06     749489 1.54661e+06 
   64.1633 3.19697e+06     751458 1.55158e+06 
   64.2427 3.19003e+06     753417 1.55655e+06 
   64.3221 3.18309e+06     755366 1.56155e+06 
   64.4016 3.17614e+06     757306 1.56655e+06 
    64.481 3.16919e+06     759236 1.57157e+06 
   64.5604 3.16224e+06     761155 1.5766e+06 
   64.6398 3.15529e+06     763063 1.58165e+06 
   64.7192 3.14834e+06     764961 1.5867e+06 
   64.7986 3.14138e+06     766848 1.59177e+06 
    64.878 3.13443e+06     768723 1.59685e+06 
   64.9573 3.12748e+06     770586 1.60194e+06 
   65.0366 3.12053e+06     772438 1.60704e+06 
   65.1159 3.11358e+06     774278 1.61214e+06 
   65.1951 3.10663e+06     776105 1.61726e+06 
   65.2743 3.09969e+06     777920 1.62239e+06 
   65.3534 3.09276e+06     779723 1.62752e+06 
   65.4324 3.08583e+06     781512 1.63266e+06 
   65.5114 3.0789e+06     783289 1.63781e+06 
   65.5903 3.07198e+06     785052 1.64297e+06 
   65.6691 3.06507e+06     786802 1.64813e+06 
   65.7478 3.05817e+06     788538 1.6533e+06 
   65.8265 3.05127e+06     790261 1.65847e+06 
    65.905 3.04438e+06     791969 1.66365e+06 
   65.9835 3.03751e+06     793664 1.66883e+06 
   66.0618 3.03064e+06     795344 1.67402e+06 
     66.14 3.02378e+06     797011 1.67921e+06 
   66.2182 3.01693e+06     798662 1.6844e+06 
   66.2962 3.0101e+06     800300 1.6896e+06 
   66.3741 3.00328e+06     801922 1.6948e+06 
   66.4519 2.99647e+06     803530    1.7e+06 
   66.5295 2.98967e+06     805123 1.70521e+06 
    66.607 2.98289e+06     806701 1.71041e+06 
   66.6844 2.97612e+06     808263 1.71562e+06 
   66.7616 2.96936e+06     809811 1.72083e+06 
   66.8387 2.96262e+06     811344 1.72604e+06 
   66.9157 2.95589e+06     812861 1.73125e+06 
   66.9925 2.94918e+06     814363 1.73645e+06 
   67.0692 2.94249e+06     815850 1.74166e+06 
   67.1457 2.93581e+06     817321 1.74687e+06 
   67.2221 2.92915e+06     818777 1.75207e+06 
   67.2983 2.9225e+06     820217 1.75728e+06 
   67.3744 2.91588e+06     821642 1.76248e+06 
   67.4503 2.90926e+06     823051 1.76768e+06 
    67.526 2.90267e+06     824445 1.77288e+06 
   67.6016 2.8961e+06     825823 1.77808e+06 
    67.677 2.88954e+06     827186 1.78328e+06 
   67.7523  2.883e+06     828533 1.78847e+06 
   67.8274 2.87648e+06     829864 1.79366e+06 
   67.9023 2.86998e+06     831180 1.79884e+06 
    67.977 2.86349e+06     832481 1.80402e+06 
   68.0516 2.85703e+06     833766 1.8092e+06 
   68.1261 2.85059e+06     835035 1.81438e+06 
   68.2003 2.84416e+06     836289 1.81955e+06 
   68.2744 2.83775e+06     837528 1.82472e+06 
   68.3484 2.83137e+06     838751 1.82988e+06 
   68.4221  2.825e+06     839959 1.83504e+06 
   68.4957 2.81865e+06     841152 1.8402e+06 
   68.5691 2.81232e+06     842329 1.84535e+06 
   68.6424 2.80602e+06     843491 1.85049e+06 
   68.7155 2.79973e+06     844638 1.85563e+06 
   68.7884 2.79346e+06     845770 1.86077e+06 
   68.8612 2.78721e+06     846886 1.8659e+06 
   68.9338 2.78098e+06     847988 1.87103e+06 
   69.0062 2.77477e+06     849075 1.87615e+06 
   69.0785 2.76858e+06     850147 1.88127e+06 
   69.1506 2.76241e+06     851204 1.88638e+06 
   69.2226 2.75627e+06     852246 1.89149e+06 
   69.2944 2.75014e+06     853273 1.89659e+06 
    69.366 2.74403e+06     854286 1.90169e+06 
   69.4375 2.73794e+06     855284 1.90678e+06 
   69.5088 2.73187e+06     856268 1.91186e+06 
   69.5799 2.72582e+06     857237 1.91694e+06 
   69.6509 2.71979e+06     858192 1.92202e+06 
   69.7218 2.71378e+06     859132 1.92709e+06 
   69.7925 2.70779e+06     860058 1.93215e+06 
    69.863 2.70182e+06     860970 1.93721e+06 
   69.9334 2.69587e+06     861868 1.94227e+06 
   70.0037 2.68993e+06     862752 1.94731e+06 
   70.0738 2.68402e+06     863622 1.95236e+06 
   70.1437 2.67813e+06     864478 1.95739e+06 
   70.2136 2.67225e+06     865320 1.96243e+06 
   70.2832 2.6664e+06     866149 1.96745e+06 
   70.3528 2.66056e+06     866963 1.97247e+06 
   70.4222 2.65475e+06     867764 1.97749e+06 
   70.4914 2.64895e+06     868552 1.9825e+06 
   70.5605 2.64317e+06     869326 1.9875e+06 
   70.6295 2.63741e+06     870086 1.9925e+06 
   70.6984 2.63167e+06     870834 1.9975e+06 
   70.7671 2.62594e+06     871568 2.00249e+06 
   70.8357 2.62024e+06     872288 2.00747e+06 
   70.9042 2.61455e+06     872996 2.01245e+06 
   70.9725 2.60888e+06     873691 2.01743e+06 
   71.0407 2.60323e+06     874372 2.02239e+06 
   71.1088 2.5976e+06     875041 2.02736e+06 
   71.1768 2.59199e+06     875697 2.03232e+06 
   71.2447 2.58639e+06     876340 2.03727e+06 
   71.3124 2.58081e+06     876971 2.04222e+06 
     71.38 2.57525e+06     877588 2.04716e+06 
   71.4475 2.5697e+06     878194 2.0521e+06 
   71.5149 2.56418e+06     878786 2.05704e+06 
   71.5822 2.55867e+06     879367 2.06197e+06 
   71.6494 2.55317e+06     879934 2.06689e+06 
   71.7165 2.5477e+06     880490 2.07181e+06 
   71.7834 2.54224e+06     881033 2.07673e+06 
   71.8503 2.5368e+06     881564 2.08164e+06 
   71.9171 2.53137e+06     882083 2.08654e+06 
   71.9837 2.52596e+06     882590 2.09144e+06 
   72.0503 2.52057e+06     883085 2.09634e+06 
   72.1168 2.5152e+06     883568 2.10124e+06 
   72.1832 2.50984e+06     884039 2.10612e+06 
   72.2494 2.50449e+06     884499 2.11101e+06 
   72.3156 2.49917e+06     884946 2.11589e+06 
   72.3817 2.49385e+06     885382 2.12076e+06 
   72.4477 2.48856e+06     885806 2.12564e+06 
   72.5137 2.48328e+06     886219 2.1305e+06 
   72.5795 2.47801e+06     886620 2.13537e+06 
   72.6453 2.47276e+06     887010 2.14023e+06 
    72.711 2.46753e+06     887388 2.14508e+06 
   72.7766 2.46231e+06     887754 2.14993e+06 
   72.8421 2.45711e+06     888110 2.15478e+06 
   72.9075 2.45192e+06     888454 2.15963e+06 
   72.9729 2.44674e+06     888787 2.16447e+06 
   73.0382 2.44159e+06     889109 2.16931e+06 
   73.1034 2.43644e+06     889420 2.17414e+06 
   73.1686 2.43131e+06     889720 2.17897e+06 
   73.2336 2.4262e+06     890008 2.18379e+06 
   73.2987 2.4211e+06     890286 2.18862e+06 
   73.3636 2.41601e+06     890553 2.19344e+06 
   73.4285 2.41094e+06     890809 2.19825e+06 
   73.4933 2.40588e+06     891054 2.20307e+06 
   73.5581 2.40083e+06     891289 2.20788e+06 
   73.6228 2.3958e+06     891512 2.21268e+06 
   73.6875 2.39079e+06     891725 2.21749e+06 
    73.752 2.38579e+06     891928 2.22229e+06 
   73.8166 2.3808e+06     892119 2.22708e+06 
   73.8811 2.37582e+06     892301 2.23188e+06 
   73.9455 2.37086e+06     892471 2.23667e+06 
   74.0099 2.36591e+06     892632 2.24146e+06 
   74.0742 2.36097e+06     892782 2.24624e+06 
   74.1385 2.35605e+06     892921 2.25103e+06 
   74.2027 2.35114e+06     893050 2.25581e+06 
   74.2669 2.34624e+06     893169 2.26059e+06 
   74.3311 2.34136e+06     893278 2.26536e+06 
   74.3952 2.33649e+06     893376 2.27013e+06 
   74.4593 2.33163e+06     893464 2.2749e+06 
   74.5233 2.32679e+06     893543 2.27967e+06 
   74.5873 2.32195e+06     893611 2.28444e+06 
   74.6512 2.31713e+06     893669 2.2892e+06 
   74.7151 2.31232e+06     893716 2.29396e+06 
    74.779 2.30753e+06     893754 2.29872e+06 
   74.8429 2.30274e+06     893782 2.30347e+06 
   74.9067 2.29797e+06     893800 2.30823e+06 
   74.9705 2.29321e+06     893808 2.31298e+06 
   75.0343 2.28847e+06     893807 2.31773e+06 
    75.098 2.28373e+06     893795 2.32247e+06 
   75.1617 2.27901e+06     893774 2.32722e+06 
   75.2254 2.27429e+06     893743 2.33196e+06 
   75.2891 2.26959e+06     893702 2.3367e+06 
   75.3527 2.2649e+06     893651 2.34144e+06 
   75.4163 2.26023e+06     893591 2.34618e+06 
   75.4799 2.25556e+06     893521 2.35092e+06 
   75.5435 2.25091e+06     893442 2.35565e+06 
   75.6071 2.24626e+06     893353 2.36038e+06 
   75.6706 2.24163e+06     893255 2.36512e+06 
   75.7341 2.23701e+06     893147 2.36984e+06 
   75.7977 2.2324e+06     893029 2.37457e+06 
   75.8612 2.2278e+06     892902 2.3793e+06 
   75.9247 2.22321e+06     892766 2.38402e+06 
   75.9882 2.21864e+06     892620 2.38874e+06 
   76.0516 2.21407e+06     892465 2.39347e+06 
   76.1151 2.20951e+06     892300 2.39819e+06 
   76.1786 2.20497e+06     892126 2.40291e+06 
    76.242 2.20043e+06     891943 2.40762e+06 
   76.3055 2.19591e+06     891751 2.41234e+06 
   76.3689 2.1914e+06     891549 2.41705e+06 
   76.4324 2.18689e+06     891338 2.42177e+06 
   76.4958 2.1824e+06     891118 2.42648e+06 
   76.5593 2.17792e+06     890889 2.43119e+06 
   76.6228 2.17345e+06     890651 2.4359e+06 
   76.6862 2.16899e+06     890403 2.44061e+06 
   76.7497 2.16454e+06     890146 2.44532e+06 
   76.8131 2.16009e+06     889881 2.45002e+06 
   76.8766 2.15566e+06     889606 2.45473e+06 
   76.9401 2.15124e+06     889322 2.45944e+06 
   77.0036 2.14683e+06     889029 2.46414e+06 
   77.0671 2.14243e+06     888728 2.46884e+06 
   77.1306 2.13804e+06     888417 2.47355e+06 
   77.1941 2.13366e+06     888097 2.47825e+06 
   77.2576 2.12928e+06     887769 2.48295e+06 
   77.3211 2.12492e+06     887431 2.48765e+06 
   77.3847 2.12057e+06     887085 2.49235e+06 
   77.4483 2.11622e+06     886729 2.49705e+06 
   77.5119 2.11189e+06     886365 2.50174e+06 
   77.5755 2.10757e+06     885992 2.50644e+06 
   77.6391 2.10325e+06     885611 2.51114e+06 
   77.7027 2.09895e+06     885220 2.51583e+06 
   77.7664 2.09465e+06     884821 2.52053e+06 
   77.8301 2.09036e+06     884413 2.52522e+06 
   77.8938 2.08609e+06     883996 2.52992e+06 
   77.9575 2.08182e+06     883571 2.53461e+06 
   78.0213 2.07756e+06     883137 2.5393e+06 
    78.085 2.07331e+06     882694  2.544e+06 
   78.1489 2.06907e+06     882242 2.54869e+06 
   78.2127 2.06484e+06     881782 2.55338e+06 
   78.2766 2.06061e+06     881314 2.55807e+06 
   78.3404 2.0564e+06     880836 2.56276e+06 
   78.4044 2.0522e+06     880351 2.56745e+06 
   78.4683  2.048e+06     879856 2.57214e+06 
   78.5323 2.04381e+06     879353 2.57683e+06 
   78.5963 2.03963e+06     878842 2.58152e+06 
   78.6604 2.03546e+06     878322 2.58621e+06 
   78.7245 2.0313e+06     877793 2.5909e+06 
   78.7886 2.02715e+06     877256 2.59559e+06 
   78.8527 2.02301e+06     876711 2.60028e+06 
   78.9169 2.01887e+06     876157 2.60497e+06 
   78.9812 2.01475e+06     875594 2.60966e+06 
   79.0454 2.01063e+06     875024 2.61435e+06 
   79.1098 2.00652e+06     874445 2.61903e+06 
   79.1741 2.00242e+06     873857 2.62372e+06 
   79.2385 1.99833e+06     873261 2.62841e+06 
   79.3029 1.99424e+06     872657 2.6331e+06 
   79.3674 1.99017e+06     872044 2.63779e+06 
    79.432 1.9861e+06     871424 2.64247e+06 
   79.4965 1.98204e+06     870794 2.64716e+06 
   79.5611 1.97799e+06     870157 2.65185e+06 
   79.6258 1.97395e+06     869511 2.65654e+06 
   79.6905 1.96992e+06     868857 2.66122e+06 
   79.7553 1.96589e+06     868195 2.66591e+06 
   79.8201 1.96188e+06     867525 2.6706e+06 
    79.885 1.95787e+06     866846 2.67529e+06 
   79.9499 1.95387e+06     866159 2.67997e+06 
   80.0148 1.94988e+06     865464 2.68466e+06 
   80.0799 1.94589e+06     864761 2.68935e+06 
   80.1449 1.94192e+06     864049 2.69404e+06 
   80.2101 1.93795e+06     863330 2.69872e+06 
   80.2753 1.93399e+06     862602 2.70341e+06 
   80.3405 1.93004e+06     861867 2.7081e+06 
   80.4058 1.92609e+06     861123 2.71279e+06 
   80.4711 1.92216e+06     860371 2.71747e+06 
   80.5366 1.91823e+06     859611 2.72216e+06 
    80.602 1.91431e+06     858843 2.72685e+06 
   80.6676 1.9104e+06     858067 2.73154e+06 
   80.7332 1.90649e+06     857283 2.73623e+06 
   80.7988 1.90259e+06     856491 2.74091e+06 
   80.8645 1.89871e+06     855691 2.7456e+06 
   80.9303 1.89483e+06     854883 2.75029e+06 
   80.9962 1.89095e+06     854068 2.75498e+06 
   81.0621 1.88709e+06     853244 2.75967e+06 
    81.128 1.88323e+06     852412 2.76436e+06 
   81.1941 1.87938e+06     851572 2.76905e+06 
   81.2602 1.87554e+06     850725 2.77373e+06 
   81.3264 1.87171e+06     849869 2.77842e+06 
   81.3926 1.86788e+06     849006 2.78311e+06 
   81.4589 1.86406e+06     848135 2.7878e+06 
   81.5253 1.86025e+06     847256 2.79249e+06 
   81.5918 1.85645e+06     846369 2.79718e+06 
   81.6583 1.85265e+06     845475 2.80187e+06 
   81.7249 1.84887e+06     844573 2.80656e+06 
   81.7916 1.84509e+06     843662 2.81125e+06 
   81.8583 1.84131e+06     842745 2.81594e+06 
   81.9251 1.83755e+06     841819 2.82063e+06 
    81.992 1.83379e+06     840886 2.82532e+06 
    82.059 1.83004e+06     839945 2.83001e+06 
    82.126 1.8263e+06     838996 2.8347e+06 
   82.1932 1.82257e+06     838040 2.83939e+06 
   82.2604 1.81884e+06     837076 2.84408e+06 
   82.3276 1.81512e+06     836104 2.84877e+06 
    82.395 1.81141e+06     835125 2.85346e+06 
   82.4624 1.80771e+06     834138 2.85815e+06 
     82.53 1.80401e+06     833144 2.86285e+06 
   82.5976 1.80032e+06     832142 2.86754e+06 
   82.6653 1.79664e+06     831133 2.87223e+06 
    82.733 1.79297e+06     830116 2.87692e+06 
   82.8009 1.7893e+06     829091 2.88161e+06 
   82.8688 1.78564e+06     828059 2.8863e+06 
   82.9368 1.78199e+06     827020 2.89099e+06 
   83.0049 1.77835e+06     825973 2.89568e+06 
   83.0731 1.77471e+06     824918 2.90037e+06 
   83.1414 1.77108e+06     823856 2.90506e+06 
   83.2098 1.76746e+06     822787 2.90975e+06 
   83.2782 1.76385e+06     821711 2.91444e+06 
   83.3467 1.76024e+06     820627 2.91913e+06 
   83.4154 1.75664e+06     819535 2.92382e+06 
   83.4841 1.75305e+06     818437 2.92851e+06 
   83.5529 1.74947e+06     817331 2.9332e+06 
   83.6218 1.74589e+06     816218 2.93789e+06 
   83.6908 1.74232e+06     815097 2.94258e+06 
   83.7599 1.73876e+06     813969 2.94727e+06 
   83.8291 1.73521e+06     812834 2.95196e+06 
   83.8983 1.73166e+06     811692 2.95665e+06 
   83.9677 1.72812e+06     810543 2.96134e+06 
   84.0371 1.72459e+06     809386 2.96603e+06 
   84.1067 1.72106e+06     808223 2.97071e+06 
   84.1763 1.71755e+06     807052 2.9754e+06 
   84.2461 1.71404e+06     805874 2.98009e+06 
   84.3159 1.71054e+06     804689 2.98478e+06 
   84.3859 1.70704e+06     803497 2.98946e+06 
   84.4559 1.70355e+06     802298 2.99415e+06 
   84.5261 1.70007e+06     801092 2.99883e+06 
   84.5963 1.6966e+06     799879 3.00352e+06 
   84.6666 1.69314e+06     798659 3.0082e+06 
   84.7371 1.68968e+06     797432 3.01289e+06 
   84.8076 1.68623e+06     796198 3.01757e+06 
   84.8783 1.68279e+06     794957 3.02226e+06 
    84.949 1.67935e+06     793709 3.02694e+06 
   85.0199 1.67592e+06     792455 3.03162e+06 
   85.0908 1.6725e+06     791193 3.0363e+06 
   85.1619 1.66909e+06     789925 3.04098e+06 
    85.233 1.66569e+06     788650 3.04567e+06 
   85.3043 1.66229e+06     787368 3.05034e+06 
   85.3757 1.6589e+06     786080 3.05502e+06 
   85.4471 1.65551e+06     784784 3.0597e+06 
   85.5187 1.65214e+06     783482 3.06438e+06 
   85.5904 1.64877e+06     782174 3.06906e+06 
   85.6622 1.64541e+06     780858 3.07373e+06 
   85.7341 1.64206e+06     779537 3.07841e+06 
   85.8061 1.63871e+06     778208 3.08308e+06 
   85.8783 1.63537e+06     776873 3.08776e+06 
   85.9505 1.63204e+06     775532 3.09243e+06 
   86.0229 1.62872e+06     774184 3.0971e+06 
   86.0953 1.6254e+06     772829 3.10177e+06 
   86.1679 1.62209e+06     771468 3.10644e+06 
   86.2406 1.61879e+06     770101 3.11111e+06 
   86.3134 1.6155e+06     768727 3.11578e+06 
   86.3863 1.61221e+06     767346 3.12044e+06 
   86.4593 1.60893e+06     765960 3.12511e+06 
   86.5324 1.60566e+06     764567 3.12977e+06 
   86.6057 1.6024e+06     763168 3.13444e+06 
   86.6791 1.59914e+06     761762 3.1391e+06 
   86.7525 1.59589e+06     760351 3.14376e+06 
   86.8261 1.59265e+06     758933 3.14842e+06 
   86.8999 1.58942e+06     757509 3.15308e+06 
   86.9737 1.58619e+06     756078 3.15773e+06 
   87.0477 1.58297e+06     754642 3.16239e+06 
   87.1217 1.57976e+06     753200 3.16704e+06 
   87.1959 1.57656e+06     751751 3.17169e+06 
   87.2702 1.57336e+06     750297 3.17634e+06 
   87.3447 1.57017e+06     748836 3.18099e+06 
   87.4192 1.56699e+06     747370 3.18564e+06 
   87.4939 1.56382e+06     745897 3.19029e+06 
   87.5687 1.56065e+06     744419 3.19493e+06 
   87.6436 1.55749e+06     742935 3.19957e+06 
   87.7186 1.55434e+06     741445 3.20422e+06 
   87.7938 1.5512e+06     739949 3.20885e+06 
   87.8691 1.54806e+06     738447 3.21349e+06 
   87.9445 1.54493e+06     736940 3.21813e+06 
     88.02 1.54181e+06     735426 3.22276e+06 
   88.0957 1.5387e+06     733908 3.22739e+06 
   88.1715 1.53559e+06     732383 3.23202e+06 
   88.2474 1.53249e+06     730853 3.23665e+06 
   88.3234 1.5294e+06     729317 3.24128e+06 
   88.3996 1.52632e+06     727776 3.2459e+06 
   88.4759 1.52324e+06     726229 3.25053e+06 
   88.5523 1.52018e+06     724677 3.25515e+06 
   88.6289 1.51712e+06     723119 3.25976e+06 
   88.7055 1.51406e+06     721556 3.26438e+06 
   88.7824 1.51102e+06     719988 3.26899e+06 
   88.8593 1.50798e+06     718414 3.2736e+06 
   88.9364 1.50495e+06     716834 3.27821e+06 
   89.0136 1.50193e+06     715250 3.28282e+06 
   89.0909 1.49891e+06     713660 3.28742e+06 
   89.1684 1.49591e+06     712065 3.29203e+06 
    89.246 1.49291e+06     710465 3.29663e+06 
   89.3237 1.48992e+06     708860 3.30122e+06 
   89.4016 1.48693e+06     707249 3.30582e+06 
   89.4796 1.48396e+06     705634 3.31041e+06 
   89.5577 1.48099e+06     704013  3.315e+06 
    89.636 1.47803e+06     702388 3.31959e+06 
   89.7144 1.47507e+06     700757 3.32417e+06 
   89.7929 1.47213e+06     699122 3.32875e+06 
   89.8716 1.46919e+06     697481 3.33333e+06 
   89.9505 1.46626e+06     695836 3.33791e+06 
   90.0294 1.46333e+06     694186 3.34248e+06 
   90.1085 1.46042e+06     692531 3.34705e+06 
   90.1877 1.45751e+06     690872 3.35162e+06 
   90.2671 1.45461e+06     689207 3.35618e+06 
   90.3466 1.45172e+06     687538 3.36074e+06 
   90.4263 1.44883e+06     685865 3.3653e+06 
   90.5061 1.44596e+06     684187 3.36986e+06 
    90.586 1.44309e+06     682504 3.37441e+06 
   90.6661 1.44023e+06     680816 3.37896e+06 
   90.7463 1.43737e+06     679125 3.3835e+06 
   90.8267 1.43453e+06     677428 3.38805e+06 
   90.9072 1.43169e+06     675728 3.39259e+06 
   90.9879 1.42886e+06     674023 3.39712e+06 
   91.0687 1.42603e+06     672313 3.40165e+06 
   91.1496 1.42322e+06     670600 3.40618e+06 
   91.2307 1.42041e+06     668882 3.41071e+06 
    91.312 1.41761e+06     667159 3.41523e+06 
   91.3934 1.41482e+06     665433 3.41975e+06 
   91.4749 1.41203e+06     663702 3.42427e+06 
   91.5566 1.40925e+06     661968 3.42878e+06 
   91.6384 1.40648e+06     660229 3.43329e+06 
   91.7204 1.40372e+06     658486 3.43779e+06 
   91.8025 1.40097e+06     656740 3.44229e+06 
   91.8848 1.39822e+06     654989 3.44679e+06 
   91.9673 1.39548e+06     653234 3.45129e+06 
   92.0499 1.39275e+06     651476 3.45577e+06 
   92.1326 1.39003e+06     649713 3.46026e+06 
   92.2155 1.38731e+06     647947 3.46474e+06 
   92.2985 1.3846e+06     646177 3.46922e+06 
   92.3818 1.3819e+06     644404 3.4737e+06 
   92.4651 1.37921e+06     642626 3.47817e+06 
   92.5486 1.37652e+06     640845 3.48263e+06 
   92.6323 1.37384e+06     639061 3.4871e+06 
   92.7161 1.37117e+06     637272 3.49155e+06 
   92.8001 1.36851e+06     635481 3.49601e+06 
   92.8843 1.36586e+06     633686 3.50046e+06 
   92.9686 1.36321e+06     631887 3.5049e+06 
   93.0531 1.36057e+06     630085 3.50934e+06 
   93.1377 1.35794e+06     628280 3.51378e+06 
   93.2225 1.35531e+06     626471 3.51822e+06 
   93.3074 1.3527e+06     624659 3.52264e+06 
   93.3925 1.35009e+06     622843 3.52707e+06 
   93.4778 1.34749e+06     621025 3.53149e+06 
   93.5633 1.34489e+06     619203 3.5359e+06 
   93.6489 1.34231e+06     617378 3.54031e+06 
   93.7347 1.33973e+06     615551 3.54472e+06 
   93.8206 1.33716e+06     613720 3.54912e+06 
   93.9067 1.33459e+06     611886 3.55352e+06 
    93.993 1.33204e+06     610049 3.55791e+06 
   94.0794 1.32949e+06     608209 3.5623e+06 
    94.166 1.32695e+06     606366 3.56668e+06 
   94.2528 1.32442e+06     604520 3.57106e+06 
   94.3398 1.32189e+06     602672 3.57544e+06 
   94.4269 1.31937e+06     600820 3.57981e+06 
   94.5142 1.31686e+06     598966 3.58417e+06 
   94.6017 1.31436e+06     597110 3.58853e+06 
   94.6893 1.31187e+06     595250 3.59288e+06 
   94.7772 1.30938e+06     593388 3.59723e+06 
   94.8652 1.3069e+06     591524 3.60158e+06 
   94.9533 1.30443e+06     589656 3.60592e+06 
   95.0417 1.30196e+06     587787 3.61025e+06 
   95.1302 1.2995e+06     585915 3.61458e+06 
   95.2189 1.29705e+06     584040 3.61891e+06 
   95.3078 1.29461e+06     582163 3.62323e+06 
   95.3969 1.29218e+06     580284 3.62754e+06 
   95.4862 1.28975e+06     578402 3.63185e+06 
   95.5756 1.28733e+06     576518 3.63615e+06 
   95.6652 1.28492e+06     574632 3.64045e+06 
    95.755 1.28251e+06     572743 3.64475e+06 
    95.845 1.28011e+06     570853 3.64903e+06 
   95.9352 1.27772e+06     568960 3.65332e+06 
   96.0256 1.27534e+06     567065 3.65759e+06 
   96.1161 1.27297e+06     565169 3.66187e+06 
   96.2069 1.2706e+06     563270 3.66613e+06 
   96.2978 1.26824e+06     561369 3.67039e+06 
   96.3889 1.26588e+06     559466 3.67465e+06 
   96.4802 1.26354e+06     557562 3.6789e+06 
   96.5717 1.2612e+06     555655 3.68314e+06 
   96.6634 1.25887e+06     553747 3.68738e+06 
   96.7553 1.25655e+06     551837 3.69162e+06 
   96.8474 1.25423e+06     549925 3.69584e+06 
   96.9397 1.25192e+06     548011 3.70007e+06 
   97.0322 1.24962e+06     546096 3.70428e+06 
   97.1249 1.24733e+06     544179 3.70849e+06 
   97.2178 1.24504e+06     542261 3.7127e+06 
   97.3109 1.24276e+06     540341 3.7169e+06 
   97.4042 1.24049e+06     538419 3.72109e+06 
   97.4977 1.23822e+06     536496 3.72528e+06 
   97.5914 1.23597e+06     534572 3.72946e+06 
   97.6853 1.23372e+06     532646 3.73364e+06 
   97.7795 1.23147e+06     530719 3.73781e+06 
   97.8738 1.22924e+06     528790 3.74197e+06 
   97.9683 1.22701e+06     526860 3.74613e+06 
   98.0631 1.22479e+06     524929 3.75028e+06 
   98.1581 1.22257e+06     522997 3.75443e+06 
   98.2532 1.22037e+06     521063 3.75857e+06 
   98.3486 1.21817e+06     519128 3.76271e+06 
   98.4442 1.21597e+06     517192 3.76683e+06 
   98.5401 1.21379e+06     515255 3.77096e+06 
   98.6361 1.21161e+06     513317 3.77507e+06 
   98.7324 1.20944e+06     511378 3.77918e+06 
   98.8289 1.20728e+06     509438 3.78329e+06 
   98.9256 1.20512e+06     507497 3.78738e+06 
   99.0225 1.20297e+06     505555 3.79148e+06 
   99.1197 1.20083e+06     503613 3.79556e+06 
   99.2171 1.19869e+06     501669 3.79964e+06 
   99.3147 1.19656e+06     499725 3.80371e+06 
   99.4125 1.19444e+06     497780 3.80778e+06 
   99.5106 1.19233e+06     495834 3.81184e+06 
   99.6089 1.19022e+06     493887 3.81589e+06 
   99.7074 1.18812e+06     491940 3.81994e+06 
   99.8062 1.18603e+06     489992 3.82398e+06 
   99.9052 1.18394e+06     488043 3.82802e+06 
       100 1.18195e+06     486182 3.83187e+06 




