Starting matrix A =
4.00 -30.00 60.00 35.00 
-30.00 300.00 -675.00 420.00 
60.00 -675.00 1620.00 -1050.00 
-35.00 420.00 -1050.00 700.00 


Final matrix A =
0.01 8.88 64.06 -39.47 
-0.24 14.13 -23.41 849.81 
-0.27 -1.43 2.93 -2046.00 
-0.27 -10.96 21.36 1330.24 


Matrix V =
0.97 -0.23 0.08 -0.03 
0.23 0.83 -0.38 0.33 
0.06 0.47 0.38 -0.79 
-0.01 0.18 0.84 0.51 


I from V^TV
1.00 -0.00 -0.00 0.00 
-0.00 1.00 0.00 -0.00 
-0.00 0.00 1.00 0.00 
0.00 -0.00 0.00 1.00 


Matrix U =
0.03 0.44 0.90 -0.02 
-0.54 0.71 -0.33 0.33 
-0.61 -0.07 0.04 -0.79 
-0.59 -0.55 0.30 0.51 


I from U^TU
1.00 0.00 0.00 -0.00 
0.00 1.00 0.00 0.00 
0.00 0.00 1.00 -0.00 
-0.00 0.00 -0.00 1.00 


D =
0.45 0.00 0.00 0.00 
0.00 20.02 0.00 0.00 
0.00 0.00 71.53 0.00 
0.00 0.00 0.00 2584.45 


A from UDV^T
4.00 -30.00 60.00 35.00 
-30.00 300.00 -675.00 420.00 
60.00 -675.00 1620.00 -1050.00 
-35.00 420.00 -1050.00 700.00 


