Starting matrix A =
84.02 39.44 78.31 79.84 
91.16 19.76 33.52 76.82 
27.78 55.40 47.74 62.89 
36.48 51.34 95.22 91.62 


Final matrix A =
-8.96 10.29 -13.57 144.05 
6.00 -6.30 -47.51 115.73 
-3.78 -19.86 23.18 95.54 
6.78 8.10 37.09 141.21 


Matrix V =
-0.36 0.06 -0.80 0.48 
-0.55 -0.66 0.39 0.32 
-0.20 0.69 0.46 0.52 
0.73 -0.28 0.03 0.62 


I from V^TV
1.00 -0.00 0.00 0.00 
-0.00 1.00 -0.00 -0.00 
0.00 -0.00 1.00 -0.00 
0.00 -0.00 -0.00 1.00 


I from VV^T
1.00 0.00 0.00 -0.00 
0.00 1.00 0.00 -0.00 
0.00 0.00 1.00 -0.00 
-0.00 -0.00 -0.00 1.00 


Matrix U =
-0.67 0.42 -0.21 0.57 
0.45 -0.26 -0.72 0.46 
-0.28 -0.81 0.35 0.38 
0.51 0.33 0.56 0.56 


I from U^TU
1.00 0.00 0.00 0.00 
0.00 1.00 0.00 -0.00 
0.00 0.00 1.00 0.00 
0.00 -0.00 0.00 1.00 


I from UU^T
1.00 0.00 -0.00 -0.00 
0.00 1.00 0.00 -0.00 
-0.00 0.00 1.00 0.00 
-0.00 -0.00 0.00 1.00 


D =
13.29 0.00 0.00 0.00 
0.00 24.61 0.00 0.00 
0.00 0.00 65.99 0.00 
0.00 0.00 0.00 251.43 


A from UDV^T
84.02 39.44 78.31 79.84 
91.16 19.76 33.52 76.82 
27.78 55.40 47.74 62.89 
36.48 51.34 95.22 91.62 


