     0.333 5.49894e+06    1028.12    28.1349 
   1.09508 5.49881e+06    1095.46       95.5 
   2.36481 5.49857e+06    1217.45    217.542 
   4.08432 5.49819e+06    1404.28    404.484 
   6.10854 5.49768e+06    1660.94    661.332 
   8.27158 5.49703e+06    1986.97     987.68 
   10.4337 5.49625e+06    2376.71    1377.89 
   11.1962 5.48022e+06    10371.5    9406.96 
    11.922 5.47893e+06    11012.8    10053.1 
   12.6148 5.47763e+06    11661.7    10707.1 
   13.2779 5.47631e+06    12318.2    11369.2 
    13.914 5.47498e+06    12982.4    12039.3 
   14.5255 5.47363e+06    13654.3    12717.5 
   15.1144 5.47226e+06    14333.9    13403.9 
   15.6825 5.47088e+06    15021.2    14098.4 
   16.2314 5.46948e+06    15716.2      14801 
   16.7624 5.46807e+06    16418.9    15511.7 
   17.2768 5.46664e+06    17129.2    16230.5 
   17.7758 5.4652e+06      17847    16957.4 
   18.2602 5.46374e+06    18572.3    17692.2 
   18.7311 5.46226e+06    19305.2      18435 
   19.1891 5.46077e+06    20045.4    19185.7 
    19.635 5.45926e+06    20792.9    19944.3 
   20.0696 5.45774e+06    21547.8    20710.7 
   20.4933 5.45621e+06    22309.8    21484.9 
   20.9069 5.45465e+06      23079    22266.8 
   21.3108 5.45309e+06    23855.4    23056.3 
   21.7054 5.45151e+06    24638.7    23853.5 
   22.0912 5.44991e+06    25429.1    24658.3 
   22.4687 5.4483e+06    26226.4    25470.6 
   22.8383 5.44668e+06    27030.5    26290.4 
   23.2002 5.44504e+06    27841.5    27117.6 
   23.5548 5.44339e+06    28659.2    27952.3 
   23.9024 5.44172e+06    29483.6    28794.3 
   24.2433 5.44004e+06    30314.6    29643.6 
   24.5778 5.43835e+06    31152.3    30500.1 
   24.9062 5.43664e+06    31996.5      31364 
   25.2286 5.43492e+06    32847.1      32235 
   25.5454 5.43318e+06    33704.2    33113.1 
   25.8566 5.43143e+06    34567.7    33998.4 
   26.1626 5.42967e+06    35437.6    34890.8 
   26.4635 5.4279e+06    36313.7    35790.2 
   26.7595 5.42611e+06    37196.1    36696.7 
   27.0507 5.42431e+06    38084.7    37610.1 
   27.3374 5.42249e+06    38979.4    38530.4 
   27.6196 5.42066e+06    39880.3    39457.7 
   27.8976 5.41882e+06    40787.2    40391.9 
   28.1714 5.41697e+06    41700.2      41333 
   28.4413 5.4151e+06    42619.1    42280.9 
   28.7072 5.41322e+06      43544    43235.5 
   28.9694 5.41133e+06    44474.8      44197 
   29.2279 5.40942e+06    45411.5    45165.2 
    29.483 5.40751e+06      46354    46140.2 
   29.7345 5.40558e+06    47302.2    47121.8 
   29.9828 5.40363e+06    48256.3    48110.2 
   30.2278 5.40168e+06    49216.1    49105.1 
   30.4697 5.39971e+06    50181.5    50106.8 
   30.7085 5.39773e+06    51152.6      51115 
   30.9443 5.39574e+06    52129.3    52129.8 
   31.1773 5.39374e+06    53111.6    53151.2 
   31.4074 5.39172e+06    54099.5    54179.2 
   31.6348 5.38969e+06    55092.9    55213.6 
   31.8595 5.38765e+06    56091.7    56254.6 
   32.0816 5.3856e+06      57096    57302.1 
   32.3012 5.38354e+06    58105.8    58356.1 
   32.5183 5.38146e+06    59120.9    59416.5 
    32.733 5.37938e+06    60141.4    60483.4 
   32.9454 5.37728e+06    61167.2    61556.7 
   33.1555 5.37517e+06    62198.3    62636.4 
   33.3633 5.37304e+06    63234.7    63722.5 
   33.5689 5.37091e+06    64276.3      64815 
   33.7724 5.36876e+06    65323.2    65913.9 
   33.9739 5.36661e+06    66375.3    67019.1 
   34.1733 5.36444e+06    67432.5    68130.7 
   34.3706 5.36226e+06    68494.9    69248.6 
   34.5661 5.36006e+06    69562.3    70372.9 
   34.7596 5.35786e+06    70634.9    71503.4 
   34.9513 5.35565e+06    71712.6    72640.3 
   35.1412 5.35342e+06    72795.2    73783.4 
   35.3293 5.35118e+06    73882.9    74932.8 
   35.5156 5.34894e+06    74975.6    76088.5 
   35.7002 5.34668e+06    76073.2    77250.5 
   35.8832 5.34441e+06    77175.8    78418.7 
   36.0645 5.34212e+06    78283.3    79593.1 
   36.2442 5.33983e+06    79395.8    80773.8 
   36.4224 5.33753e+06      80513    81960.7 
    36.599 5.33521e+06    81635.2    83153.8 
   36.7741 5.33288e+06    82762.2    84353.2 
   36.9477 5.33055e+06    83893.9    85558.7 
   37.1199 5.3282e+06    85030.5    86770.5 
   37.2906 5.32584e+06    86171.9    87988.4 
     37.46 5.32347e+06    87317.9    89212.6 
    37.628 5.32109e+06    88468.8    90442.9 
   37.7946 5.3187e+06    89624.3    91679.4 
   37.9599 5.31629e+06    90784.5    92922.1 
   38.1239 5.31388e+06    91949.4    94170.9 
   38.2867 5.31146e+06    93118.9      95426 
   38.4482 5.30902e+06    94293.1    96687.2 
   38.6085 5.30657e+06    95471.9    97954.5 
   38.7676 5.30412e+06    96655.2      99228 
   38.9255 5.30165e+06    97843.2     100508 
   39.0823 5.29917e+06    99035.7     101793 
   39.2379 5.29668e+06     100233     103085 
   39.3924 5.29418e+06     101434     104384 
   39.5457 5.29167e+06     102640     105688 
   39.6981 5.28915e+06     103851     106998 
   39.8493 5.28662e+06     105066     108315 
   39.9995 5.28408e+06     106285     109638 
   40.1487 5.28152e+06     107509     110966 
   40.2969 5.27896e+06     108738     112301 
    40.444 5.27639e+06     109970     113643 
   40.5902 5.2738e+06     111207     114990 
   40.7355 5.27121e+06     112449     116343 
   40.8798 5.2686e+06     113695     117703 
   41.0231 5.26599e+06     114945     119069 
   41.1656 5.26336e+06     116199     120441 
   41.3071 5.26072e+06     117458     121819 
   41.4478 5.25808e+06     118721     123203 
   41.5876 5.25542e+06     119989     124593 
   41.7265 5.25275e+06     121260     125990 
   41.8646 5.25007e+06     122536     127393 
   42.0019 5.24738e+06     123817     128801 
   42.1383 5.24468e+06     125101     130216 
   42.2739 5.24197e+06     126389     131638 
   42.4088 5.23925e+06     127682     133065 
   42.5428 5.23652e+06     128979     134499 
   42.6761 5.23378e+06     130280     135938 
   42.8087 5.23103e+06     131586     137384 
   42.9404 5.22827e+06     132895     138837 
   43.0715 5.2255e+06     134209     140295 
   43.2018 5.22271e+06     135526     141760 
   43.3314 5.21992e+06     136848     143230 
   43.4603 5.21712e+06     138174     144707 
   43.5885 5.21431e+06     139504     146191 
    43.716 5.21148e+06     140838     147680 
   43.8429 5.20865e+06     142176     149176 
    43.969 5.2058e+06     143518     150678 
   44.0946 5.20295e+06     144864     152186 
   44.2194 5.20009e+06     146214     153701 
   44.3437 5.19721e+06     147568     155222 
   44.4673 5.19432e+06     148926     156749 
   44.5903 5.19143e+06     150289     158282 
   44.7127 5.18852e+06     151655     159822 
   44.8344 5.18561e+06     153025     161368 
   44.9556 5.18268e+06     154399     162920 
   45.0762 5.17975e+06     155777     164478 
   45.1962 5.1768e+06     157158     166043 
   45.3157 5.17384e+06     158544     167615 
   45.4346 5.17087e+06     159934     169192 
   45.5529 5.1679e+06     161327     170776 
   45.6707 5.16491e+06     162725     172367 
    45.788 5.16191e+06     164126     173963 
   45.9047 5.1589e+06     165531     175566 
   46.0209 5.15588e+06     166940     177176 
   46.1365 5.15286e+06     168353     178792 
   46.2517 5.14982e+06     169770     180414 
   46.3663 5.14677e+06     171190     182043 
   46.4805 5.14371e+06     172615     183678 
   46.5942 5.14064e+06     174043     185320 
   46.7073 5.13756e+06     175475     186968 
     46.82 5.13447e+06     176910     188623 
   46.9323 5.13137e+06     178350     190284 
    47.044 5.12826e+06     179793     191952 
   47.1553 5.12513e+06     181240     193626 
   47.2662  5.122e+06     182691     195307 
   47.3765 5.11886e+06     184145     196994 
   47.4865 5.11571e+06     185603     198688 
    47.596 5.11255e+06     187065     200389 
   47.7051 5.10937e+06     188531     202096 
   47.8137 5.10619e+06     190000     203809 
    47.922  5.103e+06     191473     205530 
   48.0298 5.09979e+06     192950     207257 
   48.1372 5.09658e+06     194430     208990 
   48.2442 5.09336e+06     195914     210731 
   48.3508 5.09012e+06     197402     212478 
    48.457 5.08688e+06     198893     214231 
   48.5628 5.08362e+06     200388     215992 
   48.6683 5.08035e+06     201886     217759 
   48.7733 5.07708e+06     203389     219533 
    48.878 5.07379e+06     204894     221313 
   48.9823 5.0705e+06     206404     223101 
   49.0862 5.06719e+06     207917     224895 
   49.1898 5.06387e+06     209433     226696 
    49.293 5.06054e+06     210953     228504 
   49.3959 5.0572e+06     212477     230319 
   49.4984 5.05385e+06     214004     232141 
   49.6006 5.0505e+06     215535     233969 
   49.7024 5.04713e+06     217070     235805 
   49.8039 5.04374e+06     218608     237648 
   49.9051 5.04035e+06     220149     239497 
   50.0059 5.03695e+06     221694     241353 
   50.1064 5.03354e+06     223243     243217 
   50.2066 5.03012e+06     224795     245087 
   50.3065 5.02668e+06     226350     246965 
   50.4061 5.02324e+06     227909     248849 
   50.5054 5.01979e+06     229472     250741 
   50.6043 5.01632e+06     231038     252640 
    50.703 5.01285e+06     232607     254546 
   50.8013 5.00936e+06     234180     256459 
   50.8994 5.00586e+06     235757     258379 
   50.9972 5.00236e+06     237337     260307 
   51.0947 4.99884e+06     238920     262241 
   51.1919 4.99531e+06     240507     264183 
   51.2888 4.99177e+06     242097     266132 
   51.3855 4.98822e+06     243691     268089 
   51.4819 4.98466e+06     245288     270053 
    51.578 4.98109e+06     246888     272024 
   51.6738 4.97751e+06     248492     274002 
   51.7694 4.97391e+06     250099     275988 
   51.8648 4.97031e+06     251710     277982 
   51.9599 4.96669e+06     253324     279982 
   52.0547 4.96307e+06     254942     281991 
   52.1493 4.95943e+06     256562     284006 
   52.2436 4.95578e+06     258187     286030 
   52.3377 4.95213e+06     259814     288060 
   52.4315 4.94846e+06     261445     290099 
   52.5252 4.94478e+06     263079     292145 
   52.6185 4.94108e+06     264717     294199 
   52.7117 4.93738e+06     266358     296260 
   52.8046 4.93367e+06     268002     298329 
   52.8973 4.92994e+06     269650     300406 
   52.9898 4.92621e+06     271301     302490 
   53.0821 4.92246e+06     272955     304582 
   53.1741 4.9187e+06     274613     306683 
    53.266 4.91494e+06     276274     308791 
   53.3576 4.91116e+06     277938     310906 
    53.449 4.90736e+06     279606     313030 
   53.5402 4.90356e+06     281277     315162 
   53.6312 4.89975e+06     282951     317301 
   53.7221 4.89592e+06     284628     319449 
   53.8127 4.89209e+06     286309     321605 
   53.9031 4.88824e+06     287993     323769 
   53.9933 4.88438e+06     289680     325940 
   54.0834 4.88051e+06     291370     328120 
   54.1732 4.87663e+06     293064     330309 
   54.2629 4.87273e+06     294761     332505 
   54.3524 4.86883e+06     296461     334710 
   54.4417 4.86491e+06     298165     336923 
   54.5309 4.86098e+06     299871     339144 
   54.6198 4.85705e+06     301581     341373 
   54.7086 4.85309e+06     303294     343611 
   54.7973 4.84913e+06     305011     345858 
   54.8857 4.84516e+06     306730     348113 
    54.974 4.84117e+06     308453     350376 
   55.0622 4.83717e+06     310179     352648 
   55.1501 4.83316e+06     311908     354928 
    55.238 4.82914e+06     313641     357217 
   55.3256 4.82511e+06     315376     359515 
   55.4132 4.82106e+06     317115     361822 
   55.5005 4.81701e+06     318857     364137 
   55.5878 4.81294e+06     320602     366461 
   55.6748 4.80886e+06     322350     368794 
   55.7618 4.80476e+06     324101     371135 
   55.8486 4.80066e+06     325856     373486 
   55.9352 4.79654e+06     327614     375845 
   56.0217 4.79241e+06     329375     378214 
   56.1081 4.78827e+06     331139     380592 
   56.1944 4.78412e+06     332906     382978 
   56.2805 4.77995e+06     334676     385374 
   56.3665 4.77577e+06     336449     387779 
   56.4524 4.77158e+06     338226     390193 
   56.5382 4.76738e+06     340006     392616 
   56.6238 4.76316e+06     341788     395049 
   56.7093 4.75893e+06     343574     397491 
   56.7947 4.75469e+06     345363     399943 
     56.88 4.75044e+06     347155     402404 
   56.9652 4.74618e+06     348951     404874 
   57.0503 4.7419e+06     350749     407354 
   57.1352 4.73761e+06     352550     409844 
   57.2201 4.7333e+06     354355     412343 
   57.3048 4.72899e+06     356162     414852 
   57.3895 4.72466e+06     357973     417371 
    57.474 4.72031e+06     359787     419900 
   57.5585 4.71596e+06     361603     422438 
   57.6428 4.71159e+06     363423     424987 
   57.7271 4.70721e+06     365246     427545 
   57.8113 4.70281e+06     367072     430113 
   57.8953 4.69841e+06     368901     432692 
   57.9793 4.69399e+06     370733     435281 
   58.0633 4.68955e+06     372568     437879 
   58.1471 4.68511e+06     374406     440489 
   58.2308 4.68064e+06     376247     443108 
   58.3145 4.67617e+06     378091     445738 
   58.3981 4.67168e+06     379939     448378 
   58.4816 4.66718e+06     381789     451029 
   58.5651 4.66267e+06     383642     453690 
   58.6484 4.65814e+06     385498     456362 
   58.7317 4.6536e+06     387357     459045 
    58.815 4.64904e+06     389219     461738 
   58.8982 4.64447e+06     391085     464442 
   58.9813 4.63989e+06     392953     467157 
   59.0643 4.63529e+06     394824     469883 
   59.1473 4.63068e+06     396698     472620 
   59.2302 4.62606e+06     398575     475368 
   59.3131 4.62142e+06     400455     478128 
   59.3959 4.61676e+06     402338     480898 
   59.4787 4.6121e+06     404224     483680 
   59.5614 4.60741e+06     406113     486473 
   59.6441 4.60272e+06     408005     489277 
   59.7267 4.59801e+06     409899     492093 
   59.8093 4.59328e+06     411797     494921 
   59.8919 4.58854e+06     413698     497760 
   59.9744 4.58379e+06     415601     500611 
   60.0569 4.57902e+06     417508     503474 
   60.1393 4.57423e+06     419417     506348 
   60.2217 4.56944e+06     421329     509235 
   60.3041 4.56462e+06     423245     512133 
   60.3864 4.55979e+06     425163     515044 
   60.4687 4.55495e+06     427084     517967 
    60.551 4.55009e+06     429008     520902 
   60.6332 4.54522e+06     430934     523849 
   60.7155 4.54033e+06     432864     526809 
   60.7977 4.53542e+06     434796     529781 
   60.8799 4.5305e+06     436731     532766 
   60.9621 4.52557e+06     438670     535764 
   61.0442 4.52062e+06     440611     538774 
   61.1264 4.51565e+06     442554     541798 
   61.2085 4.51067e+06     444501     544834 
   61.2907 4.50567e+06     446450     547883 
   61.3728 4.50065e+06     448403     550945 
   61.4549 4.49562e+06     450358     554021 
   61.5371 4.49058e+06     452316     557109 
   61.6192 4.48551e+06     454276     560212 
   61.7013 4.48043e+06     456240     563327 
   61.7834 4.47534e+06     458206     566456 
   61.8656 4.47023e+06     460175     569599 
   61.9477 4.4651e+06     462146     572756 
   62.0299 4.45995e+06     464121     575927 
    62.112 4.45479e+06     466098     579111 
   62.1942 4.44961e+06     468078     582310 
   62.2764 4.44442e+06     470060     585523 
   62.3586 4.4392e+06     472046     588750 
   62.4408 4.43398e+06     474034     591991 
   62.5231 4.42873e+06     476024     595247 
   62.6054 4.42346e+06     478018     598518 
   62.6877 4.41818e+06     480014     601803 
     62.77 4.41288e+06     482013     605103 
   62.8523 4.40757e+06     484014     608418 
   62.9347 4.40223e+06     486018     611748 
   63.0172 4.39688e+06     488024     615093 
   63.0996 4.39151e+06     490033     618453 
   63.1821 4.38613e+06     492045     621829 
   63.2646 4.38072e+06     494060     625220 
   63.3472 4.3753e+06     496076     628627 
   63.4299 4.36985e+06     498096     632050 
   63.5125 4.36439e+06     500118     635488 
   63.5952 4.35891e+06     502142     638943 
    63.678 4.35342e+06     504169     642413 
   63.7608 4.3479e+06     506199     645900 
   63.8437 4.34237e+06     508231     649403 
   63.9266 4.33681e+06     510265     652922 
   64.0096 4.33124e+06     512302     656459 
   64.0927 4.32565e+06     514341     660011 
   64.1758 4.32004e+06     516383     663581 
    64.259 4.31441e+06     518427     667168 
   64.3422 4.30876e+06     520473     670771 
   64.4256 4.30309e+06     522522     674392 
    64.509 4.2974e+06     524573     678031 
   64.5924 4.29169e+06     526626     681687 
    64.676 4.28596e+06     528682     685360 
   64.7596 4.28021e+06     530740     689052 
   64.8433 4.27444e+06     532800     692761 
   64.9271 4.26865e+06     534862     696488 
    65.011 4.26284e+06     536927     700234 
   65.0949 4.25701e+06     538993     703998 
    65.179 4.25116e+06     541062     707780 
   65.2631 4.24529e+06     543133     711581 
   65.3473 4.23939e+06     545206     715401 
   65.4317 4.23348e+06     547281     719240 
   65.5161 4.22754e+06     549358     723098 
   65.6006 4.22159e+06     551437     726975 
   65.6853 4.21561e+06     553518     730871 
     65.77 4.20961e+06     555600     734787 
   65.8549 4.20359e+06     557685     738723 
   65.9398 4.19755e+06     559772     742679 
   66.0249 4.19149e+06     561860     746654 
   66.1101 4.1854e+06     563950     750650 
   66.1954 4.17929e+06     566042     754666 
   66.2808 4.17316e+06     568135     758703 
   66.3663 4.16701e+06     570230     762760 
    66.452 4.16084e+06     572327     766838 
   66.5378 4.15464e+06     574425     770937 
   66.6237 4.14842e+06     576525     775057 
   66.7097 4.14218e+06     578626     779198 
   66.7959 4.13591e+06     580729     783361 
   66.8822 4.12962e+06     582833     787545 
   66.9686 4.12331e+06     584938     791751 
   67.0552 4.11698e+06     587045     795979 
   67.1419 4.11062e+06     589152     800229 
   67.2288 4.10424e+06     591261     804501 
   67.3158 4.09783e+06     593371     808795 
   67.4029 4.09141e+06     595482     813112 
   67.4902 4.08495e+06     597593     817452 
   67.5777 4.07848e+06     599706     821815 
   67.6653 4.07198e+06     601819     826200 
    67.753 4.06546e+06     603933     830609 
   67.8409 4.05891e+06     606048     835041 
    67.929 4.05234e+06     608164     839496 
   68.0172 4.04575e+06     610279     843975 
   68.1056 4.03913e+06     612396     848478 
   68.1942 4.03248e+06     614512     853005 
   68.2829 4.02582e+06     616629     857555 
   68.3718 4.01912e+06     618746     862130 
   68.4608 4.01241e+06     620863     866729 
     68.55 4.00567e+06     622979     871353 
   68.6394 3.9989e+06     625096     876001 
   68.7289 3.99211e+06     627213     880674 
   68.8187 3.9853e+06     629329     885372 
   68.9086 3.97846e+06     631444     890095 
   68.9987 3.9716e+06     633559     894842 
   69.0889 3.96471e+06     635673     899615 
   69.1793 3.9578e+06     637787     904414 
   69.2699 3.95086e+06     639899     909237 
   69.3607 3.9439e+06     642011     914086 
   69.4517 3.93692e+06     644121     918961 
   69.5428 3.92991e+06     646230     923862 
   69.6342 3.92288e+06     648337     928788 
   69.7257 3.91582e+06     650443     933740 
   69.8174 3.90874e+06     652546     938717 
   69.9092 3.90163e+06     654648     943721 
   70.0013 3.8945e+06     656748     948751 
   70.0935 3.88735e+06     658846     953807 
   70.1859 3.88017e+06     660941     958888 
   70.2785 3.87297e+06     663033     963996 
   70.3713 3.86575e+06     665123     969130 
   70.4642 3.8585e+06     667210     974290 
   70.5574 3.85123e+06     669293     979476 
   70.6507 3.84394e+06     671374     984688 
   70.7441 3.83662e+06     673450     989926 
   70.8378 3.82929e+06     675523     995190 
   70.9316 3.82193e+06     677592 1.00048e+06 
   71.0256 3.81455e+06     679657 1.0058e+06 
   71.1198 3.80714e+06     681718 1.01114e+06 
   71.2141 3.79972e+06     683774 1.01651e+06 
   71.3086 3.79228e+06     685825 1.0219e+06 
   71.4033 3.78481e+06     687871 1.02732e+06 
   71.4981 3.77733e+06     689912 1.03276e+06 
   71.5931 3.76982e+06     691948 1.03823e+06 
   71.6882 3.7623e+06     693978 1.04372e+06 
   71.7835 3.75476e+06     696001 1.04924e+06 
   71.8789 3.7472e+06     698019 1.05478e+06 
   71.9745 3.73962e+06     700030 1.06035e+06 
   72.0702 3.73202e+06     702034 1.06594e+06 
    72.166 3.72441e+06     704032 1.07156e+06 
    72.262 3.71678e+06     706022 1.0772e+06 
   72.3581 3.70914e+06     708005 1.08286e+06 
   72.4543 3.70148e+06     709979 1.08854e+06 
   72.5507 3.6938e+06     711946 1.09425e+06 
   72.6471 3.68612e+06     713905 1.09998e+06 
   72.7437 3.67841e+06     715855 1.10573e+06 
   72.8403 3.6707e+06     717796 1.11151e+06 
   72.9371 3.66297e+06     719728 1.1173e+06 
   73.0339 3.65523e+06     721651 1.12312e+06 
   73.1308 3.64748e+06     723564 1.12895e+06 
   73.2278 3.63972e+06     725467 1.13481e+06 
   73.3249 3.63196e+06     727359 1.14068e+06 
    73.422 3.62418e+06     729242 1.14658e+06 
   73.5192 3.61639e+06     731113 1.15249e+06 
   73.6164 3.6086e+06     732973 1.15842e+06 
   73.7137 3.6008e+06     734822 1.16437e+06 
    73.811  3.593e+06     736660 1.17034e+06 
   73.9084 3.58519e+06     738485 1.17632e+06 
   74.0057 3.57738e+06     740299 1.18232e+06 
   74.1031 3.56956e+06     742100 1.18834e+06 
   74.2005 3.56175e+06     743888 1.19437e+06 
   74.2979 3.55393e+06     745663 1.20041e+06 
   74.3952 3.54611e+06     747426 1.20647e+06 
   74.4926 3.53829e+06     749175 1.21254e+06 
   74.5899 3.53047e+06     750910 1.21862e+06 
   74.6872 3.52265e+06     752631 1.22472e+06 
   74.7845 3.51484e+06     754338 1.23082e+06 
   74.8817 3.50703e+06     756031 1.23694e+06 
   74.9789 3.49922e+06     757709 1.24307e+06 
    75.076 3.49142e+06     759373 1.24921e+06 
    75.173 3.48362e+06     761021 1.25536e+06 
   75.2699 3.47583e+06     762655 1.26151e+06 
   75.3668 3.46805e+06     764273 1.26767e+06 
   75.4636 3.46028e+06     765875 1.27385e+06 
   75.5603 3.45252e+06     767462 1.28002e+06 
   75.6569 3.44476e+06     769033 1.28621e+06 
   75.7534 3.43702e+06     770588 1.2924e+06 
   75.8497 3.42928e+06     772127 1.29859e+06 
    75.946 3.42156e+06     773649 1.30479e+06 
   76.0421 3.41385e+06     775155 1.31099e+06 
    76.138 3.40616e+06     776644 1.3172e+06 
   76.2339 3.39848e+06     778117 1.3234e+06 
   76.3296 3.39081e+06     779573 1.32962e+06 
   76.4251 3.38316e+06     781012 1.33583e+06 
   76.5205 3.37552e+06     782434 1.34204e+06 
   76.6157 3.3679e+06     783839 1.34826e+06 
   76.7108 3.3603e+06     785227 1.35447e+06 
   76.8057 3.35272e+06     786598 1.36069e+06 
   76.9004 3.34515e+06     787951 1.3669e+06 
   76.9949 3.3376e+06     789287 1.37311e+06 
   77.0893 3.33007e+06     790606 1.37933e+06 
   77.1835 3.32256e+06     791907 1.38554e+06 
   77.2775 3.31507e+06     793191 1.39174e+06 
   77.3713 3.30759e+06     794458 1.39795e+06 
   77.4649 3.30014e+06     795707 1.40415e+06 
   77.5583 3.29271e+06     796938 1.41035e+06 
   77.6515 3.28531e+06     798153 1.41654e+06 
   77.7445 3.27792e+06     799349 1.42273e+06 
   77.8373 3.27055e+06     800529 1.42892e+06 
   77.9299 3.26321e+06     801690 1.4351e+06 
   78.0222 3.25589e+06     802835 1.44128e+06 
   78.1144 3.24859e+06     803962 1.44745e+06 
   78.2064 3.24132e+06     805071 1.45361e+06 
   78.2981 3.23406e+06     806164 1.45977e+06 
   78.3897 3.22684e+06     807239 1.46593e+06 
    78.481 3.21963e+06     808297 1.47207e+06 
   78.5721 3.21245e+06     809337 1.47821e+06 
    78.663 3.20529e+06     810361 1.48435e+06 
   78.7537 3.19816e+06     811368 1.49048e+06 
   78.8441 3.19105e+06     812357 1.4966e+06 
   78.9344 3.18396e+06     813330 1.50271e+06 
   79.0244 3.1769e+06     814285 1.50881e+06 
   79.1142 3.16986e+06     815224 1.51491e+06 
   79.2038 3.16285e+06     816146  1.521e+06 
   79.2932 3.15586e+06     817052 1.52709e+06 
   79.3824 3.1489e+06     817941 1.53316e+06 
   79.4713 3.14196e+06     818813 1.53923e+06 
   79.5601 3.13505e+06     819669 1.54529e+06 
   79.6486 3.12816e+06     820508 1.55134e+06 
   79.7369 3.12129e+06     821332 1.55738e+06 
   79.8251 3.11445e+06     822139 1.56341e+06 
    79.913 3.10763e+06     822930 1.56944e+06 
   80.0007 3.10084e+06     823705 1.57545e+06 
   80.0881 3.09407e+06     824464 1.58146e+06 
   80.1754 3.08733e+06     825207 1.58746e+06 
   80.2625 3.08061e+06     825935 1.59345e+06 
   80.3494 3.07392e+06     826647 1.59944e+06 
   80.4361 3.06725e+06     827343 1.60541e+06 
   80.5226 3.0606e+06     828024 1.61138e+06 
   80.6088 3.05398e+06     828690 1.61733e+06 
   80.6949 3.04738e+06     829340 1.62328e+06 
   80.7808 3.04081e+06     829975 1.62922e+06 
   80.8665 3.03426e+06     830595 1.63515e+06 
   80.9521 3.02773e+06     831200 1.64107e+06 
   81.0374 3.02123e+06     831790 1.64698e+06 
   81.1225 3.01475e+06     832366 1.65289e+06 
   81.2075 3.00829e+06     832926 1.65878e+06 
   81.2923 3.00186e+06     833472 1.66467e+06 
   81.3769 2.99545e+06     834004 1.67055e+06 
   81.4613 2.98907e+06     834521 1.67641e+06 
   81.5455 2.9827e+06     835023 1.68227e+06 
   81.6296 2.97636e+06     835512 1.68813e+06 
   81.7135 2.97004e+06     835986 1.69397e+06 
   81.7972 2.96375e+06     836446 1.6998e+06 
   81.8808 2.95748e+06     836892 1.70563e+06 
   81.9642 2.95123e+06     837325 1.71145e+06 
   82.0474  2.945e+06     837743 1.71726e+06 
   82.1305 2.93879e+06     838148 1.72306e+06 
   82.2134 2.93261e+06     838539 1.72885e+06 
   82.2961 2.92645e+06     838917 1.73463e+06 
   82.3787 2.92031e+06     839281 1.74041e+06 
   82.4612 2.91419e+06     839632 1.74618e+06 
   82.5435 2.90809e+06     839969 1.75194e+06 
   82.6256 2.90202e+06     840293 1.75769e+06 
   82.7076 2.89596e+06     840605 1.76343e+06 
   82.7895 2.88993e+06     840903 1.76917e+06 
   82.8712 2.88392e+06     841188 1.77489e+06 
   82.9528 2.87793e+06     841460 1.78061e+06 
   83.0342 2.87196e+06     841720 1.78633e+06 
   83.1155  2.866e+06     841966 1.79203e+06 
   83.1967 2.86007e+06     842201 1.79773e+06 
   83.2778 2.85416e+06     842422 1.80341e+06 
   83.3587 2.84827e+06     842631 1.80909e+06 
   83.4394 2.8424e+06     842828 1.81477e+06 
   83.5201 2.83655e+06     843012 1.82043e+06 
   83.6006 2.83072e+06     843184 1.82609e+06 
   83.6811 2.82491e+06     843344 1.83174e+06 
   83.7614 2.81912e+06     843492 1.83739e+06 
   83.8415 2.81335e+06     843628 1.84302e+06 
   83.9216 2.8076e+06     843752 1.84865e+06 
   84.0016 2.80186e+06     843864 1.85428e+06 
   84.0814 2.79615e+06     843964 1.85989e+06 
   84.1611 2.79045e+06     844052 1.8655e+06 
   84.2408 2.78477e+06     844128 1.8711e+06 
   84.3203 2.77911e+06     844193 1.87669e+06 
   84.3997 2.77347e+06     844247 1.88228e+06 
    84.479 2.76785e+06     844289 1.88786e+06 
   84.5583 2.76224e+06     844319 1.89344e+06 
   84.6374 2.75666e+06     844338  1.899e+06 
   84.7164 2.75109e+06     844346 1.90456e+06 
   84.7954 2.74554e+06     844343 1.91012e+06 
   84.8742   2.74e+06     844328 1.91567e+06 
    84.953 2.73449e+06     844303 1.92121e+06 
   85.0316 2.72899e+06     844266 1.92674e+06 
   85.1102 2.72351e+06     844218 1.93227e+06 
   85.1887 2.71805e+06     844159 1.9378e+06 
   85.2672 2.7126e+06     844090 1.94331e+06 
   85.3455 2.70717e+06     844009 1.94882e+06 
   85.4238 2.70176e+06     843918 1.95433e+06 
   85.5019 2.69636e+06     843816 1.95982e+06 
   85.5801 2.69098e+06     843704 1.96532e+06 
   85.6581 2.68562e+06     843581 1.9708e+06 
   85.7361 2.68027e+06     843447 1.97628e+06 
    85.814 2.67494e+06     843303 1.98176e+06 
   85.8918 2.66962e+06     843148 1.98723e+06 
   85.9696 2.66433e+06     842983 1.99269e+06 
   86.0473 2.65904e+06     842808 1.99815e+06 
   86.1249 2.65378e+06     842623 2.0036e+06 
   86.2025 2.64853e+06     842427 2.00905e+06 
     86.28 2.64329e+06     842221 2.01449e+06 
   86.3575 2.63807e+06     842005 2.01992e+06 
   86.4349 2.63287e+06     841779 2.02536e+06 
   86.5122 2.62768e+06     841542 2.03078e+06 
   86.5895 2.6225e+06     841296 2.0362e+06 
   86.6667 2.61734e+06     841040 2.04162e+06 
   86.7439 2.6122e+06     840774 2.04702e+06 
   86.8211 2.60707e+06     840498 2.05243e+06 
   86.8982 2.60196e+06     840213 2.05783e+06 
   86.9752 2.59686e+06     839917 2.06322e+06 
   87.0522 2.59178e+06     839612 2.06861e+06 
   87.1292 2.58671e+06     839297  2.074e+06 
   87.2061 2.58165e+06     838973 2.07938e+06 
    87.283 2.57661e+06     838639 2.08475e+06 
   87.3599 2.57158e+06     838296 2.09012e+06 
   87.4367 2.56657e+06     837943 2.09548e+06 
   87.5135 2.56158e+06     837580 2.10084e+06 
   87.5902 2.55659e+06     837208 2.1062e+06 
   87.6669 2.55162e+06     836827 2.11155e+06 
   87.7436 2.54667e+06     836437 2.1169e+06 
   87.8203 2.54172e+06     836037 2.12224e+06 
   87.8969 2.5368e+06     835628 2.12758e+06 
   87.9735 2.53188e+06     835210 2.13291e+06 
   88.0501 2.52698e+06     834782 2.13824e+06 
   88.1266 2.52209e+06     834346 2.14356e+06 
   88.2031 2.51722e+06     833900 2.14888e+06 
   88.2797 2.51236e+06     833446 2.1542e+06 
   88.3561 2.50751e+06     832982 2.15951e+06 
   88.4326 2.50268e+06     832509 2.16481e+06 
   88.5091 2.49786e+06     832028 2.17011e+06 
   88.5855 2.49305e+06     831538 2.17541e+06 
   88.6619 2.48825e+06     831038 2.18071e+06 
   88.7383 2.48347e+06     830530  2.186e+06 
   88.8147 2.4787e+06     830013 2.19128e+06 
   88.8911 2.47395e+06     829488 2.19656e+06 
   88.9675 2.46921e+06     828953 2.20184e+06 
   89.0438 2.46448e+06     828410 2.20711e+06 
   89.1202 2.45976e+06     827859 2.21238e+06 
   89.1965 2.45505e+06     827299 2.21765e+06 
   89.2729 2.45036e+06     826730 2.22291e+06 
   89.3492 2.44568e+06     826152 2.22817e+06 
   89.4255 2.44101e+06     825567 2.23342e+06 
   89.5019 2.43636e+06     824972 2.23867e+06 
   89.5782 2.43171e+06     824369 2.24392e+06 
   89.6546 2.42708e+06     823758 2.24916e+06 
   89.7309 2.42246e+06     823139 2.2544e+06 
   89.8072 2.41786e+06     822511 2.25963e+06 
   89.8836 2.41326e+06     821875 2.26486e+06 
   89.9599 2.40868e+06     821230 2.27009e+06 
   90.0363 2.40411e+06     820578 2.27532e+06 
   90.1127 2.39955e+06     819917 2.28054e+06 
    90.189  2.395e+06     819248 2.28575e+06 
   90.2654 2.39047e+06     818570 2.29096e+06 
   90.3418 2.38594e+06     817885 2.29617e+06 
   90.4182 2.38143e+06     817192 2.30138e+06 
   90.4946 2.37693e+06     816490 2.30658e+06 
   90.5711 2.37244e+06     815781 2.31178e+06 
   90.6475 2.36796e+06     815063 2.31697e+06 
    90.724 2.3635e+06     814338 2.32216e+06 
   90.8005 2.35904e+06     813605 2.32735e+06 
    90.877 2.3546e+06     812863 2.33254e+06 
   90.9535 2.35017e+06     812114 2.33772e+06 
     91.03 2.34575e+06     811357 2.34289e+06 
   91.1066 2.34134e+06     810593 2.34807e+06 
   91.1832 2.33694e+06     809820 2.35324e+06 
   91.2598 2.33255e+06     809040 2.35841e+06 
   91.3364 2.32818e+06     808252 2.36357e+06 
    91.413 2.32381e+06     807456 2.36873e+06 
   91.4897 2.31946e+06     806653 2.37389e+06 
   91.5664 2.31512e+06     805842 2.37904e+06 
   91.6431 2.31079e+06     805024 2.38419e+06 
   91.7199 2.30646e+06     804198 2.38934e+06 
   91.7967 2.30215e+06     803364 2.39448e+06 
   91.8735 2.29786e+06     802523 2.39962e+06 
   91.9504 2.29357e+06     801674 2.40476e+06 
   92.0273 2.28929e+06     800818 2.40989e+06 
   92.1042 2.28502e+06     799955 2.41502e+06 
   92.1811 2.28077e+06     799084 2.42015e+06 
   92.2581 2.27652e+06     798206 2.42527e+06 
   92.3351 2.27229e+06     797320 2.43039e+06 
   92.4122 2.26806e+06     796427 2.43551e+06 
   92.4893 2.26385e+06     795527 2.44063e+06 
   92.5664 2.25964e+06     794620 2.44574e+06 
   92.6436 2.25545e+06     793705 2.45084e+06 
   92.7208 2.25127e+06     792783 2.45595e+06 
   92.7981 2.2471e+06     791854 2.46105e+06 
   92.8754 2.24293e+06     790918 2.46615e+06 
   92.9527 2.23878e+06     789975 2.47124e+06 
   93.0301 2.23464e+06     789024 2.47633e+06 
   93.1076 2.23051e+06     788067 2.48142e+06 
    93.185 2.22639e+06     787103 2.48651e+06 
   93.2626 2.22228e+06     786131 2.49159e+06 
   93.3401 2.21818e+06     785153 2.49667e+06 
   93.4177 2.21409e+06     784168 2.50174e+06 
   93.4954 2.21001e+06     783175 2.50681e+06 
   93.5731 2.20594e+06     782176 2.51188e+06 
   93.6509 2.20188e+06     781170 2.51695e+06 
   93.7287 2.19783e+06     780158 2.52201e+06 
   93.8066 2.19379e+06     779138 2.52707e+06 
   93.8845 2.18976e+06     778112 2.53213e+06 
   93.9625 2.18574e+06     777079 2.53718e+06 
   94.0405 2.18173e+06     776039 2.54223e+06 
   94.1186 2.17773e+06     774992 2.54728e+06 
   94.1967 2.17374e+06     773939 2.55232e+06 
   94.2749 2.16976e+06     772879 2.55736e+06 
   94.3532 2.16579e+06     771813 2.5624e+06 
   94.4315 2.16183e+06     770740 2.56743e+06 
   94.5099 2.15788e+06     769661 2.57246e+06 
   94.5883 2.15394e+06     768575 2.57749e+06 
   94.6668 2.15001e+06     767482 2.58251e+06 
   94.7454 2.14609e+06     766383 2.58753e+06 
    94.824 2.14217e+06     765278 2.59255e+06 
   94.9027 2.13827e+06     764166 2.59756e+06 
   94.9814 2.13438e+06     763048 2.60257e+06 
   95.0602 2.1305e+06     761923 2.60758e+06 
   95.1391 2.12662e+06     760792 2.61258e+06 
    95.218 2.12276e+06     759655 2.61758e+06 
    95.297 2.11891e+06     758512 2.62258e+06 
   95.3761 2.11506e+06     757362 2.62758e+06 
   95.4552 2.11123e+06     756206 2.63257e+06 
   95.5344 2.1074e+06     755044 2.63756e+06 
   95.6137 2.10358e+06     753876 2.64254e+06 
   95.6931 2.09978e+06     752702 2.64752e+06 
   95.7725 2.09598e+06     751522 2.6525e+06 
    95.852 2.09219e+06     750335 2.65747e+06 
   95.9315 2.08841e+06     749143 2.66244e+06 
   96.0112 2.08465e+06     747944 2.66741e+06 
   96.0909 2.08089e+06     746740 2.67237e+06 
   96.1706 2.07714e+06     745530 2.67733e+06 
   96.2505 2.07339e+06     744313 2.68229e+06 
   96.3304 2.06966e+06     743091 2.68725e+06 
   96.4104 2.06594e+06     741863 2.6922e+06 
   96.4905 2.06223e+06     740629 2.69714e+06 
   96.5707 2.05852e+06     739390 2.70209e+06 
   96.6509 2.05483e+06     738144 2.70703e+06 
   96.7312 2.05114e+06     736893 2.71196e+06 
   96.8116 2.04747e+06     735636 2.7169e+06 
   96.8921 2.0438e+06     734373 2.72183e+06 
   96.9727 2.04014e+06     733105 2.72675e+06 
   97.0533 2.0365e+06     731831 2.73167e+06 
    97.134 2.03286e+06     730552 2.73659e+06 
   97.2149 2.02923e+06     729267 2.74151e+06 
   97.2957 2.0256e+06     727976 2.74642e+06 
   97.3767 2.02199e+06     726680 2.75133e+06 
   97.4578 2.01839e+06     725379 2.75623e+06 
   97.5389 2.0148e+06     724072 2.76113e+06 
   97.6202 2.01121e+06     722759 2.76603e+06 
   97.7015 2.00764e+06     721441 2.77092e+06 
   97.7829 2.00407e+06     720118 2.77581e+06 
   97.8644 2.00051e+06     718790 2.7807e+06 
    97.946 1.99696e+06     717456 2.78558e+06 
   98.0277 1.99342e+06     716117 2.79046e+06 
   98.1094 1.98989e+06     714772 2.79533e+06 
   98.1913 1.98637e+06     713423 2.80021e+06 
   98.2732 1.98286e+06     712068 2.80507e+06 
   98.3553 1.97935e+06     710708 2.80994e+06 
   98.4374 1.97586e+06     709343 2.8148e+06 
   98.5196 1.97237e+06     707973 2.81965e+06 
   98.6019 1.9689e+06     706598 2.8245e+06 
   98.6844 1.96543e+06     705218 2.82935e+06 
   98.7669 1.96197e+06     703833 2.8342e+06 
   98.8495 1.95852e+06     702443 2.83904e+06 
   98.9322 1.95508e+06     701048 2.84387e+06 
    99.015 1.95165e+06     699648 2.84871e+06 
   99.0979 1.94822e+06     698243 2.85354e+06 
   99.1809 1.94481e+06     696833 2.85836e+06 
    99.264 1.9414e+06     695419 2.86318e+06 
   99.3472  1.938e+06     693999  2.868e+06 
   99.4305 1.93461e+06     692575 2.87281e+06 
   99.5139 1.93123e+06     691147 2.87762e+06 
   99.5974 1.92786e+06     689713 2.88242e+06 
    99.681 1.9245e+06     688275 2.88722e+06 
   99.7647 1.92115e+06     686832 2.89202e+06 
   99.8486 1.9178e+06     685385 2.89681e+06 
   99.9325 1.91447e+06     683933 2.9016e+06 
       100 1.91179e+06     682763 2.90545e+06 




