A
6.070 3.932 6.663 7.398 
2.122 3.858 4.821 4.161 
2.669 8.982 8.723 7.285 
2.616 0.670 9.484 6.953 

R
0.000 0.000 0.000 0.000 
0.000 0.000 0.000 0.000 
0.000 0.000 0.000 0.000 
0.000 0.000 0.000 0.000 

Q after 
0.816 -0.337 -0.444 0.154 
0.285 0.230 0.028 -0.930 
0.359 0.866 0.116 0.328 
0.352 -0.288 0.888 0.064 

R after 
7.437 7.769 13.280 12.285 
0.000 7.150 3.683 2.769 
0.000 0.000 6.615 3.855 
0.000 0.000 0.000 0.095 

B^-1
-0.599 5.092 -1.893 -0.426 
-0.153 0.882 -0.188 -0.168 
-1.010 5.709 -1.991 -0.256 
1.617 -9.789 3.447 0.669 

B^-1 * A = I
1.000 0.000 -0.000 0.000 
-0.000 1.000 -0.000 0.000 
-0.000 0.000 1.000 0.000 
0.000 -0.000 0.000 1.000 

A * B^-1 = I
1.000 0.000 -0.000 -0.000 
0.000 1.000 0.000 0.000 
-0.000 0.000 1.000 -0.000 
-0.000 0.000 -0.000 1.000 

