   -4.9375  -0.149241  -0.149241  -0.149241
    -4.875 -0.0845529 -0.0845529 -0.0845529
   -4.8125 -0.0646784 -0.0646784 -0.0646784
     -4.75 -0.0563929 -0.0563929 -0.0563929
   -4.6875 -0.0531804 -0.0531804 -0.0531804
    -4.625  -0.053033  -0.053033  -0.053033
   -4.5625 -0.0553121 -0.0553121 -0.0553121
      -4.5 -0.0600196 -0.0600196 -0.0600196
   -4.4375 -0.0676519 -0.0676519 -0.0676519
    -4.375 -0.0793335 -0.0793335 -0.0793335
   -4.3125 -0.0972965 -0.0972965 -0.0972965
     -4.25  -0.126177  -0.126177  -0.126177
   -4.1875  -0.176966  -0.176966  -0.176966
    -4.125  -0.282874  -0.282874  -0.282874
   -4.0625  -0.610429  -0.610429  -0.610429
   -3.9375   0.736878   0.736878   0.736878
    -3.875   0.412196   0.412196   0.412196
   -3.8125   0.311265   0.311265   0.311265
     -3.75   0.267866   0.267866   0.267866
   -3.6875   0.249283   0.249283   0.249283
    -3.625   0.245277   0.245277   0.245277
   -3.5625   0.252361   0.252361   0.252362
      -3.5   0.270088   0.270088   0.270088
   -3.4375   0.300205   0.300205   0.300205
    -3.375   0.347084   0.347084   0.347084
   -3.3125   0.419591   0.419591   0.419591
     -3.25   0.536251   0.536251   0.536251
   -3.1875   0.741044   0.741044   0.741044
    -3.125    1.16685    1.16685    1.16685
   -3.0625    2.47987    2.47987    2.47987
   -2.9375   -2.90146   -2.90146   -2.90146
    -2.875   -1.59726   -1.59726   -1.59726
   -2.8125    -1.1867    -1.1867    -1.1867
     -2.75    -1.0045    -1.0045    -1.0045
   -2.6875  -0.919232  -0.919232  -0.919232
    -2.625  -0.889131  -0.889131  -0.889131
   -2.5625  -0.899038  -0.899038  -0.899038
      -2.5  -0.945309  -0.945309  -0.945309
   -2.4375   -1.03196   -1.03196   -1.03196
    -2.375   -1.17141   -1.17141   -1.17141
   -2.3125    -1.3899    -1.3899    -1.3899
     -2.25   -1.74281   -1.74281   -1.74281
   -2.1875   -2.36208   -2.36208   -2.36208
    -2.125   -3.64642   -3.64642   -3.64642
   -2.0625   -7.59459   -7.59459   -7.59459
   -1.9375    8.52303    8.52303    8.52303
    -1.875    4.59212    4.59212    4.59212
   -1.8125    3.33758    3.33758    3.33758
     -1.75    2.76237    2.76237    2.76237
   -1.6875    2.47044    2.47044    2.47044
    -1.625    2.33397    2.33397    2.33397
   -1.5625    2.30378    2.30378    2.30378
      -1.5    2.36327    2.36327    2.36327
   -1.4375    2.51539    2.51539    2.51539
    -1.375     2.7821     2.7821     2.7821
   -1.3125    3.21413    3.21413    3.21413
     -1.25    3.92133    3.92133    3.92133
   -1.1875    5.16705    5.16705    5.16705
    -1.125    7.74864    7.74864    7.74864
   -1.0625    15.6638    15.6638    15.6638
   -0.9375   -16.5134   -16.5134   -16.5134
    -0.875   -8.61022   -8.61022   -8.61022
   -0.8125   -6.04937   -6.04937   -6.04937
     -0.75   -4.83415   -4.83415   -4.83415
   -0.6875   -4.16886   -4.16886   -4.16886
    -0.625    -3.7927    -3.7927    -3.7927
   -0.5625   -3.59966   -3.59966   -3.59966
      -0.5   -3.54491   -3.54491   -3.54491
   -0.4375   -3.61588   -3.61588   -3.61588
    -0.375   -3.82538   -3.82538   -3.82538
   -0.3125   -4.21855   -4.21855   -4.21855
     -0.25   -4.90167   -4.90167   -4.90167
   -0.1875   -6.13587   -6.13587   -6.13587
    -0.125   -8.71722   -8.71722   -8.71722
   -0.0625   -16.6428   -16.6428   -16.6428
    0.0625    15.4813    15.4813    15.4813
     0.125    7.53394    7.53394    7.53394
    0.1875    4.91511    4.91511    4.91511
      0.25    3.62561    3.62561    3.62561
    0.3125    2.86609    2.86609    2.86609
     0.375    2.37044    2.37044    2.37044
    0.4375    2.02481    2.02481    2.02481
       0.5    1.77245    1.77245    1.77245
    0.5625    1.58195    1.58195    1.58195
     0.625    1.43452    1.43452    1.43452
    0.6875     1.3183     1.3183     1.3183
      0.75    1.22542    1.22542    1.22542
    0.8125    1.15048    1.15048    1.15048
     0.875    1.08965    1.08965    1.08965
    0.9375    1.04018    1.04018    1.04018
         1          1          1          1
    1.0625    0.96758    0.96758    0.96758
     1.125   0.941743   0.941743   0.941743
    1.1875   0.921584   0.921584   0.921584
      1.25   0.906402   0.906402   0.906402
    1.3125   0.895654   0.895654   0.895654
     1.375   0.888914   0.888914   0.888914
    1.4375   0.885855   0.885855   0.885855
       1.5   0.886227   0.886227   0.886227
    1.5625   0.889844   0.889844   0.889844
     1.625   0.896574   0.896574   0.896574
    1.6875   0.906329   0.906329   0.906329
      1.75   0.919063   0.919063   0.919063
    1.8125   0.934761   0.934761   0.934761
     1.875   0.953446   0.953446   0.953446
    1.9375   0.975166   0.975166   0.975166
         2          1          1          1
    2.0625    1.02805    1.02805    1.02805
     2.125    1.05946    1.05946    1.05946
    2.1875    1.09438    1.09438    1.09438
      2.25      1.133      1.133      1.133
    2.3125    1.17555    1.17555    1.17555
     2.375    1.22226    1.22226    1.22226
    2.4375    1.27342    1.27342    1.27342
       2.5    1.32934    1.32934    1.32934
    2.5625    1.39038    1.39038    1.39038
     2.625    1.45693    1.45693    1.45693
    2.6875    1.52943    1.52943    1.52943
      2.75    1.60836    1.60836    1.60836
    2.8125    1.69425    1.69425    1.69425
     2.875    1.78771    1.78771    1.78771
    2.9375    1.88938    1.88938    1.88938
         3          2          2          2
    3.0625    2.12036    2.12036    2.12036
     3.125    2.25135    2.25135    2.25135
    3.1875    2.39396    2.39396    2.39396
      3.25    2.54926    2.54926    2.54926
    3.3125    2.71845    2.71845    2.71845
     3.375    2.90286    2.90286    2.90286
    3.4375    3.10395    3.10395    3.10395
       3.5    3.32335    3.32335    3.32335
    3.5625    3.56285    3.56285    3.56285
     3.625    3.82445    3.82445    3.82445
    3.6875    4.11035    4.11035    4.11035
      3.75    4.42299    4.42299    4.42299
    3.8125    4.76509    4.76509    4.76509
     3.875    5.13967    5.13967    5.13967
    3.9375    5.55007    5.55007    5.55007
         4          6          6          6
    4.0625    6.49361    6.49361    6.49361
     4.125    7.03548    7.03548    7.03548
    4.1875    7.63074    7.63074    7.63074
      4.25    8.28509    8.28509    8.28509
    4.3125    9.00486    9.00486    9.00486
     4.375    9.79715    9.79715    9.79715
    4.4375    10.6698    10.6698    10.6698
       4.5    11.6317    11.6317    11.6317
    4.5625    12.6927    12.6927    12.6927
     4.625    13.8636    13.8636    13.8636
    4.6875    15.1569    15.1569    15.1569
      4.75    16.5862    16.5862    16.5862
    4.8125    18.1669    18.1669    18.1669
     4.875    19.9162    19.9162    19.9162
    4.9375    21.8534    21.8534    21.8534
         5         24         24         24
