0 4.95867
0.1 4.94153
0.2 4.92439
0.3 4.90725
0.4 4.89012
0.5 4.87298
0.6 4.85584
0.7 4.8387
0.8 4.82157
0.9 4.80443
1 4.78729
1.1 4.77015
1.2 4.75301
1.3 4.73588
1.4 4.71874
1.5 4.7016
1.6 4.68446
1.7 4.66732
1.8 4.65019
1.9 4.63305
2 4.61591
2.1 4.59877
2.2 4.58163
2.3 4.5645
2.4 4.54736
2.5 4.53022
2.6 4.51308
2.7 4.49594
2.8 4.47881
2.9 4.46167
3 4.44453
3.1 4.42739
3.2 4.41025
3.3 4.39312
3.4 4.37598
3.5 4.35884
3.6 4.3417
3.7 4.32456
3.8 4.30743
3.9 4.29029
4 4.27315
4.1 4.25601
4.2 4.23888
4.3 4.22174
4.4 4.2046
4.5 4.18746
4.6 4.17032
4.7 4.15319
4.8 4.13605
4.9 4.11891
5 4.10177
5.1 4.08463
5.2 4.0675
5.3 4.05036
5.4 4.03322
5.5 4.01608
5.6 3.99894
5.7 3.98181
5.8 3.96467
5.9 3.94753
6 3.93039
6.1 3.91325
6.2 3.89612
6.3 3.87898
6.4 3.86184
6.5 3.8447
6.6 3.82756
6.7 3.81043
6.8 3.79329
6.9 3.77615
7 3.75901
7.1 3.74187
7.2 3.72474
7.3 3.7076
7.4 3.69046
7.5 3.67332
7.6 3.65619
7.7 3.63905
7.8 3.62191
7.9 3.60477
8 3.58763
8.1 3.5705
8.2 3.55336
8.3 3.53622
8.4 3.51908
8.5 3.50194
8.6 3.48481
8.7 3.46767
8.8 3.45053
8.9 3.43339
9 3.41625
9.1 3.39912
9.2 3.38198
9.3 3.36484
9.4 3.3477
9.5 3.33056
9.6 3.31343
9.7 3.29629
9.8 3.27915
9.9 3.26201
10 3.24487
10.1 3.22774
10.2 3.2106
10.3 3.19346
10.4 3.17632
10.5 3.15918
10.6 3.14205
10.7 3.12491
10.8 3.10777
10.9 3.09063
11 3.07349
11.1 3.05636
11.2 3.03922
11.3 3.02208
11.4 3.00494
11.5 2.98781
11.6 2.97067
11.7 2.95353
11.8 2.93639
11.9 2.91925
12 2.90212
12.1 2.88498
12.2 2.86784
12.3 2.8507
12.4 2.83356
12.5 2.81643
12.6 2.79929
12.7 2.78215
12.8 2.76501
12.9 2.74787
13 2.73074
13.1 2.7136
13.2 2.69646
13.3 2.67932
13.4 2.66218
13.5 2.64505
13.6 2.62791
13.7 2.61077
13.8 2.59363
13.9 2.57649
14 2.55936
14.1 2.54222
14.2 2.52508
14.3 2.50794
14.4 2.4908
14.5 2.47367
14.6 2.45653
14.7 2.43939
14.8 2.42225
14.9 2.40512
15 2.38798
15.1 2.37084
15.2 2.3537
15.3 2.33656
15.4 2.31943
15.5 2.30229
15.6 2.28515
15.7 2.26801
15.8 2.25087
15.9 2.23374
16 2.2166
16.1 2.19946
16.2 2.18232
16.3 2.16518
16.4 2.14805
16.5 2.13091
16.6 2.11377
16.7 2.09663
16.8 2.07949
16.9 2.06236
17 2.04522
17.1 2.02808
17.2 2.01094
17.3 1.9938
17.4 1.97667
17.5 1.95953
17.6 1.94239
17.7 1.92525
17.8 1.90811
17.9 1.89098
18 1.87384
18.1 1.8567
18.2 1.83956
18.3 1.82243
18.4 1.80529
18.5 1.78815
18.6 1.77101
18.7 1.75387
18.8 1.73674
18.9 1.7196
19 1.70246
19.1 1.68532
19.2 1.66818
19.3 1.65105
19.4 1.63391
19.5 1.61677
19.6 1.59963
19.7 1.58249
19.8 1.56536
19.9 1.54822
