        -5 0.00673795 0.00673795
    -4.875 0.00763509 0.00763509
     -4.75  0.0086517  0.0086517
    -4.625 0.00980366 0.00980366
      -4.5   0.011109   0.011109
    -4.375  0.0125881  0.0125881
     -4.25  0.0142642  0.0142642
    -4.125  0.0161635  0.0161635
        -4  0.0183156  0.0183156
    -3.875  0.0207543  0.0207543
     -3.75  0.0235177  0.0235177
    -3.625  0.0266491  0.0266491
      -3.5  0.0301974  0.0301974
    -3.375  0.0342181  0.0342181
     -3.25  0.0387742  0.0387742
    -3.125  0.0439369  0.0439369
        -3  0.0497871  0.0497871
    -2.875  0.0564161  0.0564161
     -2.75  0.0639279  0.0639279
    -2.625  0.0724398  0.0724398
      -2.5   0.082085   0.082085
    -2.375  0.0930145  0.0930145
     -2.25   0.105399   0.105399
    -2.125   0.119433   0.119433
        -2   0.135335   0.135335
    -1.875   0.153355   0.153355
     -1.75   0.173774   0.173774
    -1.625   0.196912   0.196912
      -1.5    0.22313    0.22313
    -1.375    0.25284    0.25284
     -1.25   0.286505   0.286505
    -1.125   0.324652   0.324652
        -1   0.367879   0.367879
    -0.875   0.416862   0.416862
     -0.75   0.472367   0.472367
    -0.625   0.535261   0.535261
      -0.5   0.606531   0.606531
    -0.375   0.687289   0.687289
     -0.25   0.778801   0.778801
    -0.125   0.882497   0.882497
         0          1          1
     0.125    1.13315    1.13315
      0.25    1.28403    1.28403
     0.375    1.45499    1.45499
       0.5    1.64872    1.64872
     0.625    1.86825    1.86825
      0.75      2.117      2.117
     0.875    2.39888    2.39888
         1    2.71828    2.71828
     1.125    3.08022    3.08022
      1.25    3.49034    3.49034
     1.375    3.95508    3.95508
       1.5    4.48169    4.48169
     1.625    5.07842    5.07842
      1.75     5.7546     5.7546
     1.875    6.52082    6.52082
         2    7.38906    7.38906
     2.125     8.3729     8.3729
      2.25    9.48774    9.48774
     2.375     10.751     10.751
       2.5    12.1825    12.1825
     2.625    13.8046    13.8046
      2.75    15.6426    15.6426
     2.875    17.7254    17.7254
         3    20.0855    20.0855
     3.125    22.7599    22.7599
      3.25    25.7903    25.7903
     3.375    29.2243    29.2243
       3.5    33.1155    33.1155
     3.625    37.5247    37.5247
      3.75    42.5211    42.5211
     3.875    48.1827    48.1827
         4    54.5982    54.5982
     4.125    61.8678    61.8678
      4.25    70.1054    70.1054
     4.375    79.4398    79.4398
       4.5    90.0171    90.0171
     4.625    102.003    102.003
      4.75    115.584    115.584
     4.875    130.974    130.974
         5    148.413    148.413
