0 0 0 0 0 0 0
0.0163934 0.0514538 -0.102771 0.153816 0.0514788 -0.102821 0.153891
0.0327869 0.102771 -0.204453 0.303967 0.102821 -0.204552 0.304115
0.0491803 0.153816 -0.303967 0.446877 0.153891 -0.304115 0.447094
0.0655738 0.204453 -0.40026 0.57914 0.204552 -0.400454 0.579421
0.0819672 0.254548 -0.492309 0.697605 0.254671 -0.492548 0.697944
0.0983607 0.303967 -0.57914 0.799451 0.304115 -0.579421 0.799839
0.114754 0.352581 -0.659832 0.88225 0.352752 -0.660152 0.882679
0.131148 0.40026 -0.733529 0.944031 0.400454 -0.733885 0.944489
0.147541 0.446877 -0.799451 0.98332 0.447094 -0.799839 0.983798
0.163934 0.492309 -0.856899 0.999183 0.492548 -0.857315 0.999668
0.180328 0.536436 -0.905263 0.991241 0.536696 -0.905702 0.991723
0.196721 0.57914 -0.944031 0.959684 0.579421 -0.944489 0.96015
0.213115 0.620308 -0.972792 0.905263 0.620609 -0.973264 0.905702
0.229508 0.659832 -0.991241 0.829274 0.660152 -0.991723 0.829677
0.245902 0.697605 -0.999183 0.733529 0.697944 -0.999668 0.733885
0.262295 0.733529 -0.996534 0.620308 0.733885 -0.997018 0.620609
0.278689 0.767508 -0.98332 0.492309 0.76788 -0.983798 0.492548
0.295082 0.799451 -0.959684 0.352581 0.799839 -0.96015 0.352752
0.311475 0.829274 -0.925874 0.204453 0.829677 -0.926324 0.204552
0.327869 0.856899 -0.88225 0.0514538 0.857315 -0.882679 0.0514788
0.344262 0.88225 -0.829274 -0.102771 0.882679 -0.829677 -0.102821
0.360656 0.905263 -0.767508 -0.254548 0.905702 -0.76788 -0.254671
0.377049 0.925874 -0.697605 -0.40026 0.926324 -0.697944 -0.400454
0.393443 0.944031 -0.620308 -0.536436 0.944489 -0.620609 -0.536696
0.409836 0.959684 -0.536436 -0.659832 0.96015 -0.536696 -0.660152
0.42623 0.972792 -0.446877 -0.767508 0.973264 -0.447094 -0.76788
0.442623 0.98332 -0.352581 -0.856899 0.983798 -0.352752 -0.857315
0.459016 0.991241 -0.254548 -0.925874 0.991723 -0.254671 -0.926324
0.47541 0.996534 -0.153816 -0.972792 0.997018 -0.153891 -0.973264
0.491803 0.999183 -0.0514538 -0.996534 0.999668 -0.0514788 -0.997018
0.508197 0.999183 0.0514538 -0.996534 0.999668 0.0514788 -0.997018
0.52459 0.996534 0.153816 -0.972792 0.997018 0.153891 -0.973264
0.540984 0.991241 0.254548 -0.925874 0.991723 0.254671 -0.926324
0.557377 0.98332 0.352581 -0.856899 0.983798 0.352752 -0.857315
0.57377 0.972792 0.446877 -0.767508 0.973264 0.447094 -0.76788
0.590164 0.959684 0.536436 -0.659832 0.96015 0.536696 -0.660152
0.606557 0.944031 0.620308 -0.536436 0.944489 0.620609 -0.536696
0.622951 0.925874 0.697605 -0.40026 0.926324 0.697944 -0.400454
0.639344 0.905263 0.767508 -0.254548 0.905702 0.76788 -0.254671
0.655738 0.88225 0.829274 -0.102771 0.882679 0.829677 -0.102821
0.672131 0.856899 0.88225 0.0514538 0.857315 0.882679 0.0514788
0.688525 0.829274 0.925874 0.204453 0.829677 0.926324 0.204552
0.704918 0.799451 0.959684 0.352581 0.799839 0.96015 0.352752
0.721311 0.767508 0.98332 0.492309 0.76788 0.983798 0.492548
0.737705 0.733529 0.996534 0.620308 0.733885 0.997018 0.620609
0.754098 0.697605 0.999183 0.733529 0.697944 0.999668 0.733885
0.770492 0.659832 0.991241 0.829274 0.660152 0.991723 0.829677
0.786885 0.620308 0.972792 0.905263 0.620609 0.973264 0.905702
0.803279 0.57914 0.944031 0.959684 0.579421 0.944489 0.96015
0.819672 0.536436 0.905263 0.991241 0.536696 0.905702 0.991723
0.836066 0.492309 0.856899 0.999183 0.492548 0.857315 0.999668
0.852459 0.446877 0.799451 0.98332 0.447094 0.799839 0.983798
0.868852 0.40026 0.733529 0.944031 0.400454 0.733885 0.944489
0.885246 0.352581 0.659832 0.88225 0.352752 0.660152 0.882679
0.901639 0.303967 0.57914 0.799451 0.304115 0.579421 0.799839
0.918033 0.254548 0.492309 0.697605 0.254671 0.492548 0.697944
0.934426 0.204453 0.40026 0.57914 0.204552 0.400454 0.579421
0.95082 0.153816 0.303967 0.446877 0.153891 0.304115 0.447094
0.967213 0.102771 0.204453 0.303967 0.102821 0.204552 0.304115
0.983607 0.0514538 0.102771 0.153816 0.0514788 0.102821 0.153891
1 0 0 0 0 0 0
