Starting matrix A =
4.000 -30.000 60.000 -35.000 
-30.000 300.000 -675.000 420.000 
60.000 -675.000 1620.000 -1050.000 
-35.000 420.000 -1050.000 700.000 


Final matrix A =
0.167 0.000 -0.000 0.000 
-0.000 1.478 0.000 0.000 
-0.000 0.000 37.101 -0.000 
0.000 0.000 -0.000 2585.254 


Eigen vector matrix V =
0.793 -0.582 0.179 -0.029 
0.452 0.371 -0.742 0.329 
0.322 0.510 0.100 -0.791 
0.252 0.514 0.638 0.515 


D from V^TAV
0.167 -0.000 -0.000 0.000 
-0.000 1.478 0.000 0.000 
-0.000 0.000 37.101 0.000 
0.000 0.000 0.000 2585.254 


A from VDV^T
4.000 -30.000 60.000 -35.000 
-30.000 300.000 -675.000 420.000 
60.000 -675.000 1620.000 -1050.000 
-35.000 420.000 -1050.000 700.000 


I from V^TV
1.000 -0.000 0.000 0.000 
-0.000 1.000 0.000 0.000 
0.000 0.000 1.000 0.000 
0.000 0.000 0.000 1.000 


k	calc	exact
0	9.86742	9.8696
1	39.4435	39.4784
2	88.6499	88.8264
3	157.356	157.914
4	245.38	246.74
5	352.487	355.306
6	478.395	483.611
7	622.77	631.655
8	785.227	799.438
9	965.337	986.96
10	1162.62	1194.22
11	1376.56	1421.22
12	1606.58	1667.96
13	1852.08	1934.44
14	2112.4	2220.66
15	2386.85	2526.62
16	2674.71	2852.32
17	2975.21	3197.75
18	3287.55	3562.93
19	3610.91	3947.84
The calculated and exact values differ slightly and the difference becomes more pronounced with higher k values

The numerical and analytical results are equal if the Eigenvectors are normalized

